meanPX meanPY meanPZ varPX varPY varPZ meanAngle angleStdev NEFF elapsedTime
2285.6 2439.91 0.130274 0.741338 2.10321 1.13157e-10 63.0121 10.9907 10540.7 2.30147
2174.45 2577.48 0.128033 0.15629 0.685119 5.21242e-09 30.1049 9.22761 10009.4 2.72973
2112.99 2744.88 0.129865 0.0883418 0.114971 3.75595e-08 2.45885 7.83491 14336 2.9978
2110.21 2982 0.131474 3.88124 0.000779104 2.84953e-08 -56.2226 6.35866 14352.6 2.87142
2157.12 3193.59 0.140019 7.20405 0.480353 3.93484e-08 -38.4742 4.74965 16097.5 2.81843
2206.16 3343.82 0.145334 8.36069 209.116 2.65704e-08 -37.9511 3.48583 22040.4 2.32998
2232.98 3437.1 0.149139 5.47858 140.436 3.07012e-08 -38.3495 2.933 26420.5 2.09075
2253.44 3545.86 0.160596 7.74125 1.18025 8.03147e-10 -32.8531 2.10593 26676.7 2.42192
2270.61 3584.77 0.165023 2.04458 42.9161 3.21436e-08 -33.8511 1.89011 29676.1 2.90987
2293.69 3567.59 0.170119 3.27953 61.893 5.19342e-08 -32.196 1.7182 31602.6 2.8942
2285.91 3405.81 0.169805 10.4725 37.9718 5.94192e-08 -46.3531 1.73686 25411.6 2.89884
2301.96 3449.29 0.168811 3.59529 12.9095 4.05517e-09 -40.2558 1.6312 28529.5 2.43502
2378.81 3480.89 0.173032 1.28473 6.0126 1.25566e-08 -25.0034 1.33988 26584.9 2.09502
2432.23 3415.94 0.170355 1.51984 10.6224 1.20625e-09 -32.5101 1.28869 31191.4 2.34961
2440.93 3393.6 0.168659 1.50011 12.033 1.39168e-10 -39.7538 1.09887 35380.3 2.86618
2481.8 3446.6 0.169052 1.29577 14.4219 3.73278e-09 -49.1868 1.06521 33767.1 2.90005
2514.34 3654.57 0.174991 0.746011 7.16608 1.81105e-10 -48.4289 0.660508 30643.9 2.7694
2511.82 3703.46 0.17521 0.660874 4.94111 8.05773e-11 -45.9475 0.501989 34887 1.98282
2541.37 3731.94 0.181013 0.469891 4.68611 2.70458e-09 -54.5252 0.506961 34035.6 2.37961
2548.13 3781.2 0.19117 0.860545 6.01447 1.38829e-08 -60.5035 0.349029 33160 2.88884
2562.2 3801.63 0.202498 0.690781 5.75167 2.95232e-08 -60.1719 0.333869 31749.8 2.80123
2579.62 3835.54 0.217289 0.308885 2.8735 4.97711e-10 -62.1665 0.285763 29444 2.4596
2579.22 3844.08 0.233732 0.326594 3.73874 8.49676e-09 -63.0682 0.199877 26739.2 2.13483
2587.9 3835.99 0.247213 24.196 6.82745 4.19165e-08 -66.8535 0.207927 28764.3 2.36345
2580.26 3817.45 0.247408 31.6806 9.66243 1.38039e-08 -69.4961 0.163723 36346.4 2.64182
2583.57 3796.25 0.253463 24.2973 8.51002 1.52739e-11 -71.9854 0.161487 34165.1 2.74905
2591.84 3784.64 0.258558 13.7625 5.10429 1.36098e-09 -73.1728 0.15678 32895.6 2.50467
2602.34 3748.15 0.265583 33.0282 14.4585 1.06154e-08 -77.2263 0.197662 23988.6 2.0716
2608.2 3742.45 0.268495 35.5221 17.8398 5.47841e-10 -83.4602 0.173216 29436.7 2.22286
2597.77 3663.21 0.281501 39.0586 24.2261 1.38266e-09 -87.9882 0.243574 21504.6 2.8091
2586.42 3610.62 0.289728 13.8628 9.88442 5.18701e-10 -93.1122 0.229605 23883.4 2.95031
2550.88 3390.37 0.286454 31.2807 32.6062 2.74712e-12 -103.718 0.461541 21953.5 2.91716
2565.19 3462.46 0.282836 23.5305 23.9843 2.21655e-11 -110.833 0.32888 23825.1 2.78832
2528.44 3126.85 0.273845 41.5126 67.5829 6.68716e-09 -121.624 0.760431 18780.1 2.34219
2370.86 2738.67 0.265453 16.4958 34.1141 1.98182e-08 -148.417 0.77287 19337.8 2.09
2347.13 2668.71 0.265923 20.7479 45.1683 5.89245e-10 -146.122 0.810266 26792 2.52828
2236.56 2293.61 0.26729 7.62742 12.055 1.04845e-08 -164.167 0.859579 21829.2 2.7381
2166.23 2089.07 0.269245 11.7069 21.0113 2.87646e-08 -176.153 0.996781 21397.2 2.88216
2202.9 2352.69 0.265158 2.54891 3.12015 1.37556e-08 -172.242 0.989822 22762.5 2.8848
2208.09 2563.81 0.265094 1.53359 1.08162 3.52516e-12 -167.549 1.10622 24064.9 2.72614
2165.23 2876.24 0.270887 6.36869 1.51293 3.90522e-08 -163.918 1.2665 19663.5 2.16261
1909.81 3175.07 0.292265 27.541 0.952795 4.61918e-08 161.311 2.04193 13948.5 2.19004
2225.44 3071.52 0.268871 8.91294 0.97623 7.53315e-08 -144.922 1.11304 28926.9 2.60763
2148.61 3283.92 0.273471 17.6507 0.242836 1.80694e-07 -144.272 1.51191 29178.1 2.72777
2259.58 3265.38 0.2641 6.31715 0.156093 1.4306e-07 -129.125 0.990045 26664.9 2.6411
2381.34 3374.65 0.253057 0.10368 0.0836732 3.34433e-08 -117.873 0.510016 24449.7 2.73014
2466.56 3463.26 0.239674 2.51824e-05 3.29307e-05 3.17465e-08 -109.868 0.262301 21717.6 2.11868
2444.13 3415.18 0.243208 4.10583e-05 0.396426 1.07966e-07 -110.434 0.372783 26810.8 2.20424
2454.77 3427.01 0.241128 0.0180514 0.410692 3.41497e-07 -113.125 0.305735 24922.7 2.76942
2405.55 3386.45 0.240091 0.0117593 0.253713 1.57537e-07 -116.865 0.483096 25580.9 2.84161
2425.01 3392.25 0.232273 0.000507966 0.246226 2.44512e-07 -127.411 0.437425 27294.5 2.76781
2445.43 3398.26 0.222072 0.00855499 0.048389 3.21512e-08 -131.167 0.397474 29895.4 2.64965
2459.83 3404.78 0.212885 0.0566024 0.0864239 8.36731e-08 -137.804 0.355552 27689.3 2.34869
2417.61 3350.97 0.220871 0.00923883 0.234844 3.19124e-08 -139.665 0.513736 28191.3 2.4505
2382.25 3359.11 0.229419 0.00118779 0.214722 7.04827e-08 -142.838 0.590396 27310.4 2.52092
2398.03 3393.12 0.226622 0.0145889 0.0342506 2.48087e-08 -139.483 0.54137 27116.6 2.72242
2293.59 3432.65 0.237529 1.61227 0.0564198 6.91075e-08 -149.989 0.822173 26991.7 2.81105
2425.23 3424.69 0.222449 0.353233 0.0504758 2.02824e-07 -138.766 0.491028 27671 2.94349
2364.29 3439.95 0.239896 0.596923 0.134455 1.78599e-07 -135.775 0.698937 25973.2 2.85723
2370.64 3415.71 0.239964 0.749972 0.17674 2.33527e-07 -136.508 0.61547 29376.6 2.5399
2385.99 3426.13 0.253845 0.461067 0.278573 2.92853e-07 -133.606 0.605156 25669.7 2.04702
2371.15 3526.41 0.246592 0.511656 1.25953 2.45691e-07 -128.895 1.021 22014.1 2.29893
2346.68 3506.74 0.259878 0.503913 0.917226 2.00191e-07 -119.916 0.894076 22564.9 3.11447
2142.8 3716.74 0.252889 1.93055 3.00506 1.54071e-07 -106.113 2.09812 19806.8 3.01969
2072.52 3951.96 0.22246 3.37131 8.96108 4.12005e-07 -46.5711 1.92577 16355.2 2.87475
1836.87 3913.12 0.241789 5.50311 5.81923 8.73931e-09 -31.6239 2.85162 22654.5 2.73174
1631.19 3996.56 0.231008 2.10766 1.59995 7.17282e-08 -4.40107 1.47584 20572.5 2.70898
1628.35 4033.03 0.226294 8.13043 5.8605 2.0097e-07 -3.50951 0.957601 25008.5 2.56924
1644.27 4046.23 0.223782 6.16529 4.91896 1.77054e-07 -9.71773 0.996833 29381.3 2.35545
1653.38 4101.4 0.21982 11.5067 11.3207 4.26192e-07 -12.6726 1.08543 30430.8 2.33607
1517.64 4097.63 0.224353 16.038 8.42053 1.07494e-07 -10.4677 1.06276 29090.4 2.55668
1429.87 4090.65 0.207996 12.1955 5.55286 6.11027e-08 -20.6547 0.814894 24488.8 2.86307
1338.37 4110.77 0.209215 16.5753 6.76738 9.17135e-08 -15.592 1.51238 18591.8 2.96957
1344.8 4089.43 0.196357 4.41063 2.8284 6.77035e-09 -31.8052 1.16077 21806.8 2.83341
1260.18 4120.71 0.192032 24.3855 13.4192 5.10528e-08 -21.3412 1.7624 18541.6 2.8182
1200.59 4138.12 0.197415 15.3698 7.97337 4.64226e-08 36.34 2.50309 15936.3 2.61279
1072.96 4210.81 0.208529 20.4142 17.2768 2.89051e-07 65.1211 1.56651 24096.3 2.24078
995.613 4255.77 0.215608 33.7423 27.9523 4.83637e-07 80.8826 0.767569 24507.9 2.33914
1043.9 4239.31 0.223293 45.3071 39.5642 9.03645e-07 82.7203 0.800743 29961.4 2.67568
1067.44 4231.42 0.215091 61.1878 56.8244 1.76705e-06 84.2287 1.01699 24342.3 2.93282
1217.9 4167.99 0.253684 30.3627 33.7918 9.39425e-07 96.5471 0.728852 20665.9 2.94461
1242.06 4155.84 0.27157 40.4412 47.187 8.79616e-07 106.959 0.626179 24270.8 2.92687
1647.75 3985.66 0.316074 17.7487 44.7715 6.01604e-07 137.945 1.15736 19223.7 2.90727
1730.49 3946.54 0.335942 3.96783 13.2294 1.80438e-07 144.091 0.860794 23890.8 2.87333
1986.18 3803.74 0.374607 2.38061 27.9237 1.46211e-07 159.567 0.80753 21734.5 2.9207
1954.67 3860.26 0.381094 0.535014 7.14158 9.10519e-09 150.091 0.357851 17866.4 2.43217
2052 3817.73 0.384352 0.208916 11.9757 3.61157e-08 153.425 0.247055 23257.6 2.21406
2024.46 3865.94 0.360207 0.078188 2.77238 6.02069e-08 154.74 0.541559 22723.8 2.24687
2056.13 3887.66 0.348911 0.0199783 3.33959 1.08013e-07 154.167 0.794455 22973.2 2.63479
2050.48 3995.94 0.247457 0.0284438 9.29536 6.80943e-07 153.963 4.08222 7977.71 2.68303
1954.89 4043.77 0.196381 0.083881 3.49 7.80386e-08 -16.9733 2.43848 9958.26 2.82315
1830.14 4087.59 0.161473 0.350545 0.766727 2.85249e-07 -19.9589 1.0065 16091.5 2.48342
1667.09 4090.9 0.147879 0.980617 0.783767 2.72064e-07 -22.5917 0.428438 22383.6 2.29853
1604.78 4074.55 0.149182 4.39557 2.19075 7.38086e-07 -21.4696 0.503577 27755.6 2.33775
1518.73 4086.39 0.143529 1.77663 5.41442 1.74566e-07 -26.0009 0.214333 23539.1 2.47312
1488.17 4080.92 0.141985 3.21858 1.46867 5.43868e-07 -33.9746 0.209441 26990.8 2.85522
1467.27 4083.31 0.13802 2.52887 1.49892 1.59871e-06 -35.093 0.120972 28189.6 2.67775
1470.52 4076.11 0.132394 1.16151 0.752928 8.7653e-07 -43.9303 0.0923449 30684.4 2.72688
1459.14 4075.67 0.134169 2.60876 0.569314 2.85078e-07 -46.613 0.0669806 33698.5 2.36345
1456.14 4070.05 0.134318 1.92357 0.291195 2.28656e-07 -49.9104 0.0556825 31629 2.11218
1458.12 4069.57 0.131977 1.35208 0.197165 1.35074e-07 -50.26 0.0482615 30416.8 2.45653
1457.2 4066.72 0.136706 73.2489 2.87086 9.56972e-09 -54.2091 0.0452069 33926.2 2.76306
1456.1 4058.89 0.142124 199.488 8.70856 2.00367e-07 -58.6798 0.0406321 34520.4 2.78602
1466.21 4052.1 0.151111 125.731 5.55105 1.07615e-07 -61.7084 0.036564 27060.6 2.79035
1467.46 4044.29 0.156451 123.188 5.83922 1.45655e-07 -62.4678 0.0300421 30531.3 2.88696
1467.82 4040.9 0.154315 138.814 6.45637 2.11177e-07 -63.2841 0.0291975 27582.3 2.69736
1464.19 4033.65 0.158906 88.3259 4.22099 2.31904e-07 -61.3422 0.0291983 30006.8 3.04081
1465.71 4030.92 0.153412 76.0403 3.69526 2.09638e-07 -66.0648 0.0300114 28906.9 2.55422
1470.99 4026.28 0.152431 153.783 7.33876 4.4806e-07 -66.5834 0.0310177 29237.6 2.54636
1473.44 4022.49 0.15234 28.9599 2.07497 9.93029e-09 -67.5399 0.0321186 26431 2.48392
1473.53 4014.73 0.154062 34.7959 2.57939 2.24012e-08 -69.1057 0.0343103 29777.3 2.53195
1471.64 4012.05 0.149837 141.124 10.64 7.50164e-08 -72.2114 0.0378683 26195.3 2.41355
1471.67 4004.71 0.146531 83.4366 6.1458 1.08314e-07 -74.4868 0.0437294 27512.9 2.42742
1469.64 4003.72 0.147626 165.2 11.8223 8.03319e-08 -75.8818 0.050153 23173.4 2.82068
1467.56 4001.4 0.139856 137.063 9.62519 1.08159e-07 -78.0439 0.0502759 19521.5 2.90042
1462.63 4000.15 0.129759 193.608 13.2291 1.69217e-07 -79.1478 0.0535226 14282.3 2.83761
1460.97 3995.72 0.128876 237.873 15.9728 1.18234e-07 -80.6826 0.0525658 12162.6 2.85102
1462.14 3986.12 0.13594 323.377 21.8849 1.42671e-07 -79.7114 0.0531706 19914 2.79125
1471.11 3969.83 0.146973 179.998 12.9938 5.0605e-08 -78.6194 0.0647848 18265.3 2.35103
1459.17 3979 0.12137 142.758 9.89881 1.41619e-08 -77.3097 0.0578354 17485.9 2.27181
1467.58 3968.06 0.141759 112.31 8.30306 3.96746e-08 -73.9874 0.0600233 21963.7 2.18726
1462.64 3969.13 0.12873 377.569 27.4907 1.66117e-07 -75.3405 0.0612468 18337.9 2.92698
1472.6 3951.7 0.139509 190.231 14.6211 1.76716e-07 -79.1899 0.0657883 20197.8 2.83663
1464.99 3957.27 0.123272 228.228 16.8853 1.64633e-07 -82.8565 0.0646997 23047.4 2.47596
1497.25 3904.19 0.173678 27.3251 2.41279 4.98358e-08 -88.3431 0.0691855 18737.6 2.21347
1522.57 3868.56 0.197922 44.6403 4.44757 1.16976e-07 -93.112 0.0664431 18538.7 2.26563
1518.58 3836.18 0.204813 96.3631 10.1917 2.86389e-07 -103.029 0.0757742 22654.2 2.68015
1526.12 3822.67 0.224135 344.933 37.1536 1.04976e-06 -103.392 0.0774573 23836.9 2.85345
1533.34 3763.92 0.266099 80.2572 10.1787 4.85926e-07 -108.537 0.0695727 17856 2.87477
1553.22 3726.3 0.296489 48.5365 6.75438 3.30313e-07 -105.081 0.0648718 17494.2 2.66809
1529.69 3702.46 0.304523 181.628 26.2833 1.28495e-06 -107.656 0.0532749 27467.3 2.61171
1524.46 3679.71 0.300272 74.7073 11.6384 4.73173e-07 -106.687 0.0489773 26213.3 2.06242
1494.92 3661.92 0.302659 75.6264 11.8839 4.40441e-07 -107.384 0.0374956 25651.4 2.26983
1476.41 3639.93 0.305072 49.6965 8.10107 3.13051e-07 -109.127 0.030695 27679.4 2.73978
1459.81 3623.42 0.292661 110.952 18.7254 5.88061e-07 -113.889 0.033679 25136.4 2.61875
1414.02 3584.02 0.305332 87.4144 15.5733 6.51568e-07 -122.622 0.0375129 18620 2.05584
1391.9 3547.53 0.313076 63.6614 11.7672 5.07788e-07 -129.304 0.0340388 17651.7 2.32222
1365.09 3529.04 0.335056 142.292 27.6072 9.80181e-07 -132.376 0.0299616 15326 2.71895
1337.99 3500.55 0.348345 64.8752 13.2305 4.10758e-07 -137.481 0.0236859 21416.8 2.78937
1339.1 3509.67 0.330866 110.992 22.5051 5.46876e-07 -140.532 0.0307678 26847.2 2.66259
1328.48 3513.78 0.332443 84.1973 17.0623 5.11261e-07 -145.081 0.0258687 30895 2.34011
1362.7 3600.25 0.259873 346.173 62.68 7.54197e-07 -145.196 0.0404603 16628.3 2.16736
1351.53 3595.44 0.263411 143.495 26.1467 2.04378e-07 -150.367 0.0373784 24802.6 2.31849
1404.81 3740.17 0.157802 125.471 17.412 6.80999e-10 -154.334 0.0484805 17200.7 2.83929
1398.58 3742.07 0.148869 66.6347 9.10627 8.18553e-10 -160.003 0.0441238 23621.2 2.92112
1464.55 3927.25 0.0319285 133.957 11.9285 3.16341e-07 -166.523 0.0589995 18356.1 2.92509
1534.12 4105.75 -0.0794985 70.3375 3.78284 8.71972e-07 -164.485 0.053826 14927.8 2.9604
1536.81 4107.25 -0.0848518 100.726 5.37064 1.26342e-06 -164.806 0.0535512 29169.2 2.86845
1534.65 4104.6 -0.0869492 41.4429 2.12985 5.99802e-07 -165.273 0.0564378 30436.8 2.59307
1540.69 4123.91 -0.10575 40.5559 1.97508 5.61485e-07 -166.294 0.046778 30424 2.42244
1541.22 4118.48 -0.0975964 82.2025 5.17475 7.26023e-07 -173.225 0.0513931 32218.1 2.43426
1539.02 4103.75 -0.0936654 84.2691 6.1185 1.82224e-06 178.182 0.0535701 32278.5 2.40791
1543.55 4114.1 -0.103982 98.9418 7.08132 2.1314e-06 175.075 0.0496178 34060.8 2.61528
1546.32 4108.14 -0.100832 108.042 7.29511 1.98558e-06 169.679 0.0524945 32927.8 2.65544
1553 4104.73 -0.106462 87.4088 5.99709 1.62531e-06 164.54 0.0525793 32794.8 2.81469
1559.51 4113.63 -0.112164 0.829227 3.30462 7.08397e-07 158.239 0.0546313 30686.7 2.80103
1555.25 4092.44 -0.101849 1.50844 5.17293 1.05118e-06 153.988 0.0575696 31536.7 2.68817
1555.51 4079.87 -0.096989 1.13179 3.48575 9.62274e-07 154.444 0.0604786 29497 2.44424
1553.71 4054.5 -0.091576 1.254 3.49517 1.11134e-06 150.205 0.0623777 31388.5 2.2777
1544.11 4015.68 -0.0761812 1.47296 3.14561 1.12269e-06 147.29 0.0702087 30707.5 2.38427
1560.25 4044.73 -0.0913982 0.594964 1.28233 5.08948e-07 149.746 0.066265 29228.5 2.47884
1570.25 4054.42 -0.0967556 0.438043 0.927969 2.16187e-07 150.09 0.0602045 29503.7 2.77089
1582.68 4075.66 -0.112546 0.836853 1.36163 1.16014e-06 150.842 0.0553438 31289.9 2.57255
1587.76 4086.12 -0.120952 0.931276 1.42269 1.15631e-06 152.994 0.0528921 32899.2 2.36414
1599.36 4100.5 -0.132069 1.67999 2.93649 8.36269e-07 151.927 0.0493005 29990.2 2.14707
1609.62 4122.25 -0.142528 0.320443 1.19055 5.46386e-07 156.522 0.0478089 25722.1 2.51155
1614.86 4129.11 -0.142214 1.5849 3.05253 1.54485e-06 155.89 0.0496031 29583.2 2.73707
1622.37 4133.25 -0.1415 0.750366 1.33663 5.24109e-07 158.498 0.051295 31222.4 2.78783
1623.45 4134.09 -0.144536 1.47133 2.86045 7.50203e-07 156.49 0.0515003 33246 2.73654
1634.77 4139.82 -0.145828 3.00211 5.74052 1.71477e-06 161.511 0.0410024 27059.5 2.35942
1644.38 4144.37 -0.150734 2.59958 4.43629 1.44799e-06 162.88 0.0397865 28284.8 2.32948
1651.14 4151.32 -0.159213 1.74759 2.9836 1.0958e-06 164.181 0.0371228 27660 2.5871
1648.28 4146.21 -0.154974 2.26281 3.71417 1.25676e-06 163.845 0.0402931 32540.3 2.75802
1650.73 4148.95 -0.157076 3.24803 5.26689 1.77559e-06 165.732 0.0382745 33768 2.60847
1647.05 4144.83 -0.150549 3.54594 5.96306 2.1057e-06 167.174 0.0414461 30447.3 2.38166
1636.69 4128.88 -0.139204 2.86158 4.68181 1.41165e-06 164.525 0.112805 27665.8 2.39394
1628.17 4111.34 -0.125365 3.45476 5.12613 1.56631e-06 169.254 0.109375 27623.3 2.46794
1625 4106.4 -0.116469 1.36217 1.99495 5.86483e-07 171.581 0.103295 27268.4 2.84338
1622.06 4098.79 -0.110232 2.16889 3.0765 9.97562e-07 167.29 0.0956017 30124.5 2.67612
1605.29 4066.71 -0.0946816 2.41647 2.99975 1.27175e-06 167.504 0.0948914 27337.1 2.71831
1599.04 4051.22 -0.0897147 1.26692 1.53445 7.31474e-07 170.542 0.0903096 31617.8 2.58316
1565.83 3998.8 -0.0595248 1.63454 1.8196 7.71018e-07 167.011 0.149152 25877.7 2.1289
1565.84 3994.69 -0.0579645 1.77655 1.82566 3.04904e-07 163.381 0.133857 27835.2 2.25728
1527.03 3931.32 -0.0233826 1.58478 1.47909 1.54269e-07 163.668 0.119847 25632.4 2.89554
1530.76 3929.74 -0.0241717 2.58188 2.19288 3.80854e-07 164.329 0.124426 28377.4 2.94511
1484.9 3856.77 0.0126597 0.938562 0.564732 7.51174e-08 160.396 0.108202 27082.6 2.75188
1494.41 3864.65 0.00460891 0.901545 0.477196 1.21986e-07 158.264 0.107994 26471.2 2.8297
1468.61 3820.28 0.0251795 0.411863 0.131707 5.17856e-08 154.924 0.0989259 25306.4 2.82054
1436.5 3771.51 0.0501515 0.847312 0.148667 1.15397e-07 153.639 0.0955083 23465.5 2.90146
1419.75 3741.01 0.0571959 0.592767 0.158955 2.02714e-07 144.302 0.0853612 22731.9 2.6708
1413.86 3723.17 0.062198 0.436558 0.0695058 9.22375e-08 126.112 0.0811194 23743.4 2.37013
1412.82 3735.33 0.0583579 0.558508 0.0894961 1.82252e-07 95.0411 0.0784595 20324.4 2.66494
1396.08 3716.81 0.0638815 0.389813 0.034942 6.42095e-08 77.051 0.063798 22983.9 2.5714
1396.51 3708.33 0.0740576 0.345295 0.0289016 6.26725e-09 75.143 0.0569222 23258.2 2.74135
1405.41 3713.27 0.0683067 0.298338 0.0281949 1.38861e-08 73.3487 0.0581724 26302.6 2.42415
1388.07 3686.22 0.0821836 0.00216723 0.00356642 3.16302e-11 70.8994 0.0540247 26156.1 2.19984
1389.86 3682.48 0.0791484 0.0118179 8.35579e-06 4.55892e-08 71.0253 0.050161 26905.8 2.27306
1386.53 3676.14 0.0835067 0.00873565 2.94423e-05 4.90194e-08 72.6163 0.048449 28558.4 2.50476
1387.02 3672.89 0.0831006 0.0130867 0.0022041 1.54325e-08 72.5401 0.0439784 26179.3 2.713
1390.04 3677.81 0.0807953 0.0084762 0.00066241 1.73802e-08 74.3522 0.0452775 27720.3 2.88563
1386.68 3670.69 0.0839213 0.00292893 0.000825213 1.41969e-10 75.1281 0.0405801 29376.2 2.74752
1387.06 3672.3 0.0797704 0.0010546 0.000280752 4.33157e-11 75.3067 0.0415191 28277.6 2.35118
1389.06 3676.57 0.0804818 0.000106879 0.000136173 5.68931e-09 78.8429 0.0435282 26943.7 2.1512
1383.96 3674.44 0.0720958 1.04226e-07 0.000247267 4.17942e-09 77.3779 0.0441255 26353.9 2.73624
1384.82 3674.5 0.0679133 0.00115875 0.000643918 4.45712e-08 77.6631 0.0470791 25620.7 3.01076
1385.81 3671.87 0.0663023 0.0015125 0.000582496 3.88804e-08 77.0951 0.0461025 17150.9 2.71005
1384.41 3673.78 0.0686195 0.0262355 0.000165079 8.29038e-10 76.685 0.0474543 19269.1 2.32436
1396.73 3671.41 0.0667882 0.0313132 0.000185398 4.69261e-09 73.9986 0.048166 19663.1 2.35099
1393.43 3672.61 0.0763242 0.055271 0.000119483 8.94153e-09 73.5958 0.0430159 25942.1 2.37981
1382.65 3679.99 0.0760326 0.0674797 4.48049e-06 1.53899e-11 71.9844 0.0489939 24560 2.81711
1372.88 3689.16 0.0818682 0.0135711 0.000104972 1.09689e-09 71.0594 0.056221 24213.1 2.86406
1380.58 3673.9 0.0910973 0.0668892 4.7888e-05 5.30969e-11 65.382 0.0515946 19226.7 2.8119
1377.51 3676.13 0.0972523 0.0272778 0.000711321 5.95797e-09 61.2209 0.0545764 24863.5 2.79098
1382.17 3667.99 0.100657 0.017393 0.00249771 6.69692e-09 59.5483 0.0488861 28497.8 2.62882
1384.53 3670.34 0.0976492 0.045238 0.000130879 6.43686e-09 59.3052 0.0558228 26866.7 2.25428
1379.61 3673.01 0.109999 0.0198916 0.014693 3.51445e-08 56.8289 0.0519926 26468.4 2.16406
1380.75 3665.18 0.106669 0.0365041 0.0166659 3.674e-08 59.0782 0.0482429 29764 2.6254
1384.85 3665.04 0.115405 0.0167134 0.00035275 4.34615e-08 62.4018 0.0476231 29206.6 2.85244
1382.4 3665.76 0.115082 0.100909 0.000223592 4.45779e-09 59.4968 0.0501772 33654.5 2.74625
1379.88 3668.85 0.12726 0.0253229 0.0036455 2.37639e-10 57.1994 0.0514338 30151.2 2.91115
1380.31 3673.31 0.130119 0.0267496 0.00487759 1.05377e-08 61.7956 0.0503863 30186.9 2.71223
1378.25 3662.09 0.133426 0.00207114 0.00520913 3.44627e-08 64.0874 0.0484138 33173 2.48071
1375.81 3658.4 0.143077 0.000878025 0.00488683 1.77601e-08 63.9685 0.042058 33714.3 2.19827
1377.7 3665.58 0.141337 0.000220763 0.0039548 4.78329e-09 63.1685 0.0403993 31616.4 2.29436
