meanPX meanPY meanPZ varPX varPY varPZ meanAngle angleStdev NEFF elapsedTime
2330.53 2399.74 0.147601 2.6097 6.54469 1.36561e-08 49.8134 8.29866 12853.9 3.50904
2221.19 2478.68 0.145143 0.61835 2.96662 1.93902e-08 64.561 7.96829 13067.7 3.38552
2136.16 2617.98 0.146001 0.314793 1.27596 7.46491e-09 116.978 9.00942 14198.5 3.08942
2133.83 2789.31 0.147975 0.0959191 0.0516813 3.8009e-09 -152.39 7.4539 14653.8 3.25029
2160.62 3034.11 0.153637 7.34452 128.762 1.26508e-11 -146.639 6.50775 16822.5 2.26838
2237.38 3297.52 0.166097 3.55969 96.1904 5.35941e-09 -104.538 5.87808 17677.6 2.27457
2256.14 3315.76 0.169212 4.56366 132.52 5.35879e-10 -87.1955 4.5305 27280.8 2.84378
2312.22 3413.02 0.181471 13.3638 0.857226 4.52762e-09 -64.8816 3.70287 25778.4 2.95149
2338.91 3454.83 0.189746 19.4495 1.56212 1.61505e-09 -54.5799 3.08031 26640.3 2.27379
2452.9 3479.1 0.19176 9.24176 0.702669 7.03221e-09 -61.2604 2.97872 29721.3 2.34841
2485.2 3585.23 0.197884 12.7956 0.346729 4.16293e-08 -54.1888 3.02995 29303.9 2.71265
2565.46 3488.13 0.190942 6.43745 0.00374395 1.1123e-08 -83.5413 2.88079 27982.9 2.88439
2603.71 3507.8 0.192984 4.03932 0.00878676 8.67447e-09 -68.3191 2.75521 29951.9 2.81242
2668.58 3578.96 0.173252 5.70649 0.257478 1.70507e-10 -108.129 3.18829 25082.4 2.07951
2742.31 3671.09 0.173002 4.92406 1.15087 1.44554e-10 -109.367 3.2282 31624.9 2.25722
2858.89 3773.58 0.17435 1.59364 1.67655 6.86856e-09 -144.485 3.20199 28286.3 2.66066
2899.43 3867.07 0.175081 1.25489 3.55677 9.44369e-09 -142.882 3.53816 29885.8 2.78988
2855.99 3891.52 0.174693 1.58121 3.72985 5.18502e-09 -103.786 3.70634 28795.2 2.66055
2887.33 3895.39 0.174896 1.01446 3.96242 2.16313e-10 -113.004 3.5452 31828.6 2.12795
2955.03 3938.66 0.183891 0.350489 3.8707 1.00439e-10 -145.912 3.74543 33487.9 2.5698
2991.67 4021.21 0.198332 0.13899 2.29122 6.02953e-09 -121.374 3.97573 27805.4 2.87073
3011.96 4060.38 0.217002 0.728095 0.198725 3.69525e-08 -103.894 3.75325 27303.4 2.84145
3056.72 4077.75 0.226677 23.2629 1.30678 2.29982e-07 -124.061 4.05505 26121.7 2.84475
3112.61 4099.81 0.237379 12.5299 3.48287 9.10372e-09 -167.921 3.94735 28105 2.06783
3060.92 4078.48 0.238324 10.2739 3.0625 1.85193e-08 -132.945 4.02795 36187.4 2.30702
3072.29 4078.93 0.245696 10.1846 3.36345 2.03963e-08 -136.977 4.13998 32596 2.60749
3048.47 4071.85 0.252253 8.19627 2.77234 2.41171e-08 -144.844 4.01562 31611.4 2.60956
3110.84 4133.14 0.248861 8.59771 2.89256 1.19651e-08 150.091 3.28648 28064.9 2.03264
2959.52 4157.85 0.250505 11.39 2.02142 2.2103e-07 144.289 2.56225 21073 2.34712
2744.24 3896.58 0.279418 7.91663 3.06065 1.13383e-07 -100.192 1.63901 17898.4 2.75084
2648.89 3831.45 0.284628 9.23808 4.0737 7.3663e-08 -104.137 1.24437 23391.3 2.77196
2672.31 3745.23 0.2918 12.5116 7.86058 2.27522e-07 -105.326 1.02023 24236.7 2.57053
2802.84 3744.07 0.281861 27.0924 24.1467 7.10024e-07 -134.923 2.36825 22891.2 2.1503
2679.41 3261.03 0.269416 32.5482 62.4441 3.39542e-07 -171.503 2.30434 16387.9 2.42711
2575.36 3212.06 0.272198 26.0194 44.5661 3.43968e-07 -152.124 1.52001 20740.6 3.08625
2428.68 2571.53 0.274755 70.8269 203.42 4.69611e-07 151.949 1.61679 15703.6 3.009
2356.47 2293.97 0.269752 46.44 152.08 2.62423e-07 153.308 1.49841 21723.2 2.82883
2155.91 1803.28 0.272994 48.4758 176.547 1.12582e-07 145.336 0.989866 20266.2 2.68231
2465.9 2669 0.274956 29.4021 79.5692 7.66859e-08 116.092 1.24465 17971.6 2.14761
2382.51 2588.41 0.279891 32.0969 83.9211 1.92256e-07 113.251 1.21198 21998.4 2.34207
2477.67 3145.1 0.294883 36.6806 56.4009 2.00205e-07 108.61 1.22528 20162.4 3.01691
2404.79 3392 0.319017 26.7926 23.7865 1.64817e-07 110.263 1.0888 20509.1 3.1004
2553.26 3677.23 0.313156 9.26227 5.73325 5.85491e-08 113.984 1.70097 21768.6 2.75464
2501.24 3775.93 0.331531 12.2968 5.41479 7.66169e-08 110.244 0.986753 25239.7 2.3157
2584.85 3750.69 0.327229 43.522 24.5847 3.56222e-07 121.919 1.51948 27318.5 2.21301
2512.87 3582.1 0.307305 14.4929 10.4331 4.03868e-08 162.007 2.84777 22280 2.6272
2504.77 3529 0.298178 17.3451 13.7085 2.79287e-08 -142.001 2.80222 21273.7 3.16779
2442.6 3339.96 0.282395 15.8279 17.6574 2.24007e-07 -109.77 2.1087 17253.4 2.80461
2380.65 3025.89 0.273032 20.1324 31.4728 2.21749e-07 -140.652 2.5706 14090.7 2.89413
2388.24 3151.53 0.283032 24.8869 33.0544 3.44608e-07 -120.92 2.37092 25576.9 2.77296
2396.49 3017.01 0.255987 16.9906 26.9035 1.97108e-07 -147.913 2.61776 21382.6 2.38389
2554.14 3256.54 0.204851 18.2174 37.1307 7.04754e-08 -113.761 2.55257 17335.2 2.15244
2497.78 3269.88 0.216905 2.97267 5.61657 1.0026e-08 -127.287 2.00793 27927.2 2.44638
2578.14 3325.03 0.192654 0.859662 1.74799 3.4428e-09 -101.843 2.95491 22694.5 2.96015
2567.24 3245.72 0.202904 20.5223 34.9718 1.13778e-07 -111.599 2.45532 25797.6 2.88635
2504.43 3196.49 0.216238 18.8107 30.15 7.07728e-08 -109.807 3.23854 25142.4 2.78746
2459.76 3150.18 0.225609 8.89598 13.7534 6.19266e-08 -123.192 2.13207 24981.3 2.47845
2581.02 3518.87 0.170705 14.9843 9.57538 5.11041e-07 -75.4659 2.07791 20655.8 2.20193
2374.04 3215.29 0.234514 32.6185 26.671 1.58225e-06 -102.199 2.28298 25771.6 2.6595
2384.77 3305.18 0.237936 26.5987 20.4814 1.04394e-06 -100.344 1.8687 26727.8 3.04508
2350.28 3569.75 0.229118 20.8767 8.29415 9.08147e-07 -79.4923 1.48529 21750.9 2.97833
2485.92 3846.75 0.187812 10.7837 2.39883 3.68751e-07 -51.2642 1.22609 18252.6 2.63401
2204.79 3899.25 0.188086 17.1454 2.11858 3.17128e-07 -29.5104 0.901941 20610.4 2.16627
2026.64 4052.11 0.171954 21.0523 0.985157 2.08451e-07 -22.3589 0.495898 22136.5 2.29208
2026.73 4068.94 0.173335 41.4719 1.68225 5.01958e-07 -20.8956 0.481559 27447.8 2.77287
1890.86 4051.12 0.180593 43.1583 1.6778 5.59007e-07 -17.3036 0.401299 28646.1 2.88502
1708.49 4067.35 0.189789 61.2981 1.61448 1.09402e-06 -12.4833 0.233249 27978.5 2.96109
1661.95 4089.2 0.18706 21.7853 0.523359 3.19273e-07 -7.58715 0.177357 28552.9 2.86644
1607.53 4083.35 0.199093 21.4038 0.485646 3.73785e-07 -10.3316 0.151381 30134.1 1.98314
1751.39 4128.64 0.194518 36.7097 0.813691 1.15717e-06 -18.6611 0.198778 31951.5 2.41968
1712.32 4108.13 0.181179 85.8973 1.89945 2.1568e-06 -27.2886 0.184894 26657.2 2.66451
1838.37 4133.54 0.178691 67.3449 1.36935 2.05336e-06 -37.6026 0.231921 27104.9 2.54539
1690.49 4105.34 0.168533 8.24684 0.853715 5.4254e-08 -40.4997 0.168142 22248.9 2.10836
1721.37 4099.09 0.146137 10.9022 1.39865 5.42284e-08 -50.8297 0.172453 9937.53 2.65571
1718.92 4092.82 0.13684 10.1555 1.43187 3.54843e-08 -54.3886 0.173796 12293.2 2.74456
1852.04 4115.1 0.136173 15.5743 2.83229 4.34531e-08 -55.4516 0.234611 14139.2 2.89822
2048.09 4145.95 0.138937 2.5323 0.795026 1.11832e-08 -57.6585 0.31019 18947 2.2394
2422.9 4224.87 0.156816 15.961 0.292358 1.74238e-10 -67.4284 0.435942 15759.5 2.41136
2543.52 4231.02 0.166829 5.05654 0.0925926 9.64668e-09 -73.0718 0.452187 21875 2.92143
2515.59 4241.1 0.171664 4.54419 0.0491247 1.88166e-08 -64.5132 0.530172 22824 2.87611
3097.72 4332.14 0.204265 0.0651364 0.030066 4.78745e-08 -84.7508 0.494648 19939.3 2.46599
3566.29 4416.42 0.249486 2.71445 0.158293 1.1339e-07 -91.385 0.273177 14573.9 2.08675
3801.32 4455.22 0.274848 1.58922 0.0827935 1.49955e-08 -85.3663 0.124697 19479 2.55393
3849.86 4462.71 0.278 9.38437 0.249454 1.29438e-07 -81.3934 0.100087 29340.1 2.76085
3917.89 4476.4 0.286217 3.79623 0.207165 2.8773e-10 -78.2704 0.06102 25791.2 2.52064
3921.26 4469.47 0.301503 17.2442 0.857176 1.51398e-08 -77.2424 0.0712069 26655.7 2.12787
3928.71 4471.7 0.303307 10.1508 0.991152 7.73632e-08 -74.6448 0.112254 19350.2 2.47023
3892.71 4463.63 0.298576 17.6095 1.65078 6.81342e-07 -74.7443 0.209793 20877.7 2.96147
3859.24 4488.17 0.26985 6.02651 0.736248 1.58281e-07 -81.5688 0.537081 8940.9 2.8596
3891.15 4503 0.2588 10.331 1.02281 2.56454e-07 -83.4526 0.696857 13432.8 2.75165
3907.36 4512.36 0.244612 9.88034 0.896523 2.68849e-07 -99.2152 0.704653 23522.3 2.08309
3886.17 4514.35 0.233704 0.162305 0.0183929 5.59211e-08 -115.45 0.622631 28070.7 2.35962
3820.31 4502.8 0.215146 0.526493 0.0190164 7.32245e-08 -127.102 0.571787 31451.5 2.91208
3776.17 4499.7 0.204144 0.691514 0.0223515 5.91878e-08 -141.172 0.669085 26823.6 2.84243
3767.25 4505.73 0.194541 0.828587 0.0460012 6.56915e-08 -160.196 0.525771 17625.2 2.85765
3691.02 4494.22 0.178722 4.13224 0.0250133 2.78115e-08 -158.892 0.589495 25958.1 2.02328
3612.74 4484.34 0.160494 7.6989 0.0646517 3.16786e-08 -164.535 0.577566 26686.1 2.29609
3653.23 4492.86 0.166326 3.42874 0.0170277 5.26402e-08 -174.335 0.436748 33734.1 2.64621
3677.77 4497.05 0.157941 3.61773 0.020725 6.94911e-08 -177.987 0.362872 34063.9 2.40972
3551.01 4475.56 0.156877 1.8196 0.00553671 2.43938e-08 178.632 0.570768 32376.3 2.15138
3554.71 4476.94 0.161727 4.24249 0.0267273 3.64516e-08 174.082 0.527459 34559.6 2.25579
3600.77 4483.72 0.154233 2.99567 0.0379854 1.17361e-07 170.13 0.440506 35631.9 2.8542
3481.15 4461.63 0.168257 4.33528 0.0229203 8.80527e-08 169.459 0.641511 31555.1 2.82969
3355.85 4438.5 0.174877 4.97621 0.0120946 8.14059e-08 167.757 0.872873 30584.8 2.65067
3218.91 4409.35 0.176111 23.0625 0.0159817 7.61371e-09 175.788 1.15832 28367.9 2.00071
3116.33 4386.57 0.175347 22.1187 0.0265151 4.02046e-09 -177.447 1.36959 25771.4 2.36343
2940.36 4349.21 0.170083 20.2222 0.0483643 2.12164e-09 -161.183 1.75707 27239.5 3.01775
2732.11 4303.48 0.173723 30.5934 0.177934 3.65264e-11 -142.059 2.05626 25811.2 2.92037
2536.66 4258.25 0.165254 22.5816 0.206453 4.593e-09 -119.283 1.96497 24415.6 2.34779
2401.57 4227.23 0.164592 78.2738 0.897518 5.4968e-08 -105.676 1.80173 25699.5 2.08008
2656.94 4281.31 0.160786 56.56 0.479616 9.98286e-09 -135.024 1.97118 26327.7 2.57992
2852.25 4322.63 0.145421 28.2953 0.169568 3.29246e-09 -156.121 1.70227 20671.4 3.07687
3025.16 4366.14 0.143519 33.9287 0.0529515 1.85884e-08 -172.698 1.43951 23271.8 2.9338
2804.05 4313.45 0.148394 38.1229 0.197373 3.31733e-08 -154.641 1.90405 24852.3 2.62829
3021.2 4373.91 0.145319 12.0587 0.00397215 5.57525e-09 178.433 1.49763 15570.2 1.98502
3303.21 4439.91 0.139633 8.33851 0.073029 7.83078e-09 162.871 0.91811 16326.1 2.50386
3139.8 4408.48 0.137978 7.84804 0.0316817 1.13123e-08 166.476 1.26676 15120.2 3.01848
3318.52 4454.78 0.144866 14.0505 0.0825618 3.67206e-08 156.515 0.906258 23103.9 2.7285
3267.23 4438.68 0.13203 13.0212 0.0378739 8.04175e-08 161.691 0.992142 22429 2.73129
3431.92 4487.77 0.127177 6.83525 0.13229 1.1759e-07 160.537 0.667024 16516.8 2.05324
3469.46 4497.43 0.134627 3.58582 0.0710126 3.76204e-08 159.681 0.606834 21321 2.3558
3568.29 4527.18 0.121655 3.37968 0.158251 7.52601e-08 161.219 0.406444 16784.2 2.90687
3627.08 4545.76 0.117378 1.39621 0.198841 2.56906e-08 157.233 0.292797 19175.7 2.78768
3651.72 4557.3 0.122992 2.42681 0.49608 9.18121e-08 154.756 0.23691 21241.1 2.85282
3658.34 4558.25 0.118076 1.71499 0.186254 1.81001e-09 153.049 0.210031 19200 1.99256
3655.19 4558.97 0.108041 5.6643 0.618108 1.88001e-09 147.38 0.202302 18032.5 2.47275
3646.91 4560.14 0.107696 3.56985 0.482993 3.30676e-09 141.796 0.197958 17030.4 2.91752
3639.45 4559.5 0.110701 2.57991 0.364004 6.01729e-09 139.266 0.196245 23218.5 2.86046
3599.34 4541.94 0.10645 4.74342 0.455261 1.48054e-10 136.804 0.253775 18765.7 2.83563
3512.44 4514.13 0.101369 4.03776 0.207635 7.38481e-10 138.137 0.379364 14834.3 2.04074
3389.23 4464.86 0.114071 3.17146 0.0921234 1.94853e-09 143.18 0.563073 15429.4 2.36016
2748.1 4200.24 0.171011 12.9078 0.17267 1.14208e-07 -177.226 1.41108 8820.2 3.12233
2353.35 4075.47 0.166201 56.8428 1.51543 2.83187e-07 -144.165 1.24891 11666.3 2.82828
2180.2 3980.43 0.187113 22.3423 0.827183 1.31675e-07 -134.671 1.02016 17762.8 2.25838
2345.59 4075.46 0.141647 23.3984 3.36525 4.84786e-08 -151.237 1.25848 16968.9 2.22045
2710.94 4279.36 0.0728765 35.0912 3.84536 1.14557e-08 172.871 1.41795 12573.5 2.88134
2677.84 4334.42 0.0310547 15.31 1.23412 3.36467e-08 170.892 1.47893 13180 2.85248
2807.49 4378.99 0.0289129 18.1954 1.4116 1.23958e-07 156.61 1.41124 17303.4 2.75424
2533.2 4307.88 0.0221928 32.7189 2.48247 1.27198e-07 176.148 1.47832 19828.4 1.96022
2442.38 4323.55 -0.0127197 45.1421 2.71721 2.61748e-07 -177.191 1.46527 19781.6 2.49399
2293.18 4303.84 -0.034855 84.3244 4.73141 4.65701e-07 -169.303 1.28814 22300.9 2.96974
2327.08 4309.18 -0.0335918 54.8057 3.14953 3.52013e-07 -175.911 1.39231 24138.6 2.59784
2223.41 4290.22 -0.0464976 78.4198 4.47089 7.48029e-07 -174.758 1.18228 27764.3 2.26623
2125.33 4270.14 -0.0599086 16.4304 0.948424 1.35997e-07 -174.647 1.048 25987.9 2.2454
2061.63 4260.19 -0.0684977 57.8112 2.91717 4.50658e-07 -178.54 0.941745 26798.5 2.67104
2068.43 4258 -0.072576 59.3744 3.05273 5.22467e-07 176.499 0.972916 25825.1 2.67576
2100.19 4260.58 -0.0752266 22.5324 1.07419 1.27407e-07 177.025 1.04652 28582.3 2.71951
2132.58 4262.55 -0.0724849 49.5371 2.33846 3.20475e-07 176.14 1.142 29817.6 2.70902
2177.27 4267.2 -0.0728569 33.1663 1.58303 2.24238e-07 173.497 1.24668 30206.8 2.12163
2348.66 4293.33 -0.0569248 10.6789 0.569581 6.63314e-08 162.643 1.74212 29804.1 2.3658
2323.46 4290.55 -0.0585221 5.96328 0.331012 3.83559e-08 157.251 1.64439 31066.2 2.863
2445.56 4310.42 -0.0488696 21.3154 0.600127 1.71646e-07 140.151 1.97737 31657 3.08387
2490.21 4318.55 -0.047941 41.0034 1.20193 3.79401e-07 132.668 2.07794 31945.6 2.79721
2496.56 4321.2 -0.0495547 35.3542 1.07656 4.01052e-07 127.806 2.08348 32748 2.90388
2783.79 4368.27 -0.0157476 19.9771 0.689488 2.5135e-07 81.5701 2.41383 31001.5 2.74467
2723.4 4358.17 -0.0245979 26.1126 0.869226 6.15375e-07 84.9126 2.37978 33108.8 2.11666
2942.55 4394.32 0.000851076 13.9581 0.502794 3.23271e-07 52.1543 2.08175 29183 2.22888
2957.15 4393.48 0.00140625 8.81771 0.351283 1.42361e-07 50.398 2.05465 33625.8 2.76983
3119.68 4420.88 0.0216372 13.8349 0.508019 1.82393e-07 35.5163 1.64 30848 2.76947
3235.41 4436.2 0.0357249 16.2907 0.581516 1.23826e-07 29.1994 1.35128 30670 2.85801
3346.1 4451.76 0.0464261 5.08804 0.200588 8.43109e-09 22.2014 1.13193 28547.7 3.10553
3090.72 4406.01 0.00848504 6.42278 0.216728 7.09278e-08 39.1858 1.82504 24835.1 2.4748
3107.54 4406.25 0.00871709 9.24952 0.372813 2.49531e-07 35.7683 1.82521 28012.1 2.13073
3206.11 4423.06 0.0229728 13.0068 0.551479 2.27634e-07 27.1431 1.57876 27175.5 2.55038
3128.55 4407.28 0.00995653 7.35359 0.309921 2.03064e-07 32.9879 1.81007 28034.3 2.90967
3164.65 4414.62 0.0158752 4.45834 0.188457 1.48816e-07 30.4524 1.71716 29398 2.81374
3081.87 4396.6 0.00562166 4.97643 0.195192 1.17754e-07 38.3017 2.01151 23742.8 2.36329
3006.58 4384.43 -0.00220341 12.417 0.465953 2.65737e-07 44.3837 2.31176 28204.2 2.12259
3224.23 4420.09 0.023591 2.89019 0.123187 6.95056e-08 21.7487 1.62082 28465.9 2.73571
3171.19 4409.72 0.0150811 7.19355 0.278179 1.19548e-07 26.8145 1.79283 27133.4 2.62662
3282.4 4431.05 0.0258864 10.1466 0.457553 7.51079e-08 24.1136 1.41462 25502.1 2.32979
3306.71 4431.91 0.0265477 8.54563 0.403594 6.74147e-08 20.8017 1.34712 27229.9 2.23734
3383.49 4448.29 0.035679 6.16757 0.343828 6.99207e-08 21.3018 1.13495 25238 2.67113
3429.59 4457.1 0.0383138 5.71922 0.26871 8.27697e-08 24.1391 1.01575 30248.8 2.86559
3427.78 4453.61 0.0368092 1.75831 0.0967831 3.11067e-08 23.0648 1.01775 32610.9 2.79717
3615.49 4484.89 0.0605871 2.12511 0.139735 8.90614e-09 26.4816 0.61406 19840 2.75448
3637.41 4488.32 0.0632337 1.697 0.151748 2.29938e-09 26.6882 0.55956 31539.3 2.36359
3688.81 4498.6 0.0690374 0.909774 0.111628 2.99797e-09 28.5718 0.466753 32064.6 2.32158
3705.46 4501.95 0.0687385 0.842893 0.0840464 1.05528e-09 27.3924 0.420814 33208.6 2.91615
3719.75 4512.6 0.0698912 0.605325 0.0523415 1.28886e-09 32.8921 0.41233 28366.8 2.80314
3779.08 4523.04 0.0795832 0.563662 0.110509 3.52131e-08 33.0665 0.30813 31269.8 2.76046
3790.14 4522.17 0.0783245 0.150661 0.0472894 4.07332e-09 33.0841 0.319752 30065.9 2.40593
3811.3 4528.63 0.0812896 0.0862334 0.0295257 2.83497e-09 32.8773 0.278762 30258.8 2.22813
3831.01 4543.35 0.0929376 0.1651 0.0623205 1.98418e-11 37.6829 0.276619 27015.6 2.63589
3833.08 4548.03 0.0927337 0.1409 0.0299954 2.19502e-09 39.1664 0.279867 30591.7 2.7001
3857.37 4559.53 0.100802 0.0612887 0.00920384 1.79829e-09 35.4773 0.234132 24728.8 2.74787
3869.26 4567.03 0.105593 0.0331733 0.00318084 1.57011e-08 39.0981 0.213909 30146.1 2.50999
3876.48 4571.47 0.106871 0.0200067 0.000592078 8.02348e-09 38.3688 0.181718 27399.4 2.20597
3884.37 4578.74 0.109251 0.0193765 6.85268e-06 1.33009e-08 37.485 0.145139 24131.2 2.78467
3886.17 4586.12 0.1084 0.00281141 0.0131649 8.39996e-08 32.9863 0.119568 23510 2.92448
3885.82 4582.65 0.104232 0.00642076 0.0217022 1.72467e-07 20.5297 0.115487 33161.9 2.77648
3890.58 4595.63 0.0987746 0.0153161 0.0242577 1.13397e-07 -5.55398 0.11997 24703.4 2.91174
3893.49 4599.85 0.0813849 0.0160894 0.00137589 1.31825e-08 -20.8913 0.128531 19104.2 2.29307
3892.33 4596.77 0.0843745 0.0129965 0.000969813 3.36156e-08 -22.5704 0.113761 29233.4 2.4603
3891.18 4593.05 0.0879275 0.0011179 0.0033435 4.40057e-08 -20.5675 0.104381 34673.4 2.96085
3891.66 4592.6 0.0870965 0.002136 0.00774588 3.22833e-08 -19.8781 0.103422 32412.6 2.83452
3893.36 4587.65 0.08961 0.000368634 0.0239578 1.7871e-08 -19.7671 0.097409 33427.5 2.51308
3893.57 4587.12 0.0943752 0.0020383 0.0248815 1.95481e-08 -18.1452 0.103765 34013.2 2.04962
3897.57 4584.44 0.0893075 7.47962e-05 0.0189845 1.73067e-08 -15.9851 0.0939925 31532.7 2.49066
3899.13 4581.68 0.0912509 0.000532575 0.0151018 1.80445e-08 -17.3306 0.0964221 33847.3 2.64529
3899.52 4581.44 0.0931142 6.37155e-05 0.0228587 1.92001e-08 -16.2863 0.0966106 33404.7 2.65201
3901.44 4578.86 0.0944576 6.98272e-07 0.0227074 1.54804e-09 -17.7186 0.0898689 31208.2 2.0625
3902.53 4574.64 0.0881914 0.000389023 0.0148006 1.65182e-11 -14.068 0.094231 29608.3 2.42828
3905.45 4577.05 0.0805777 0.000449175 0.0618863 3.53266e-10 -15.9544 0.10231 30438.6 2.73265
3900.82 4572.18 0.0774625 0.00105214 0.0211012 3.05211e-10 -14.3532 0.122937 19933.8 2.8604
3899.11 4578.36 0.0684077 0.00373546 0.0619436 3.70664e-09 -13.3454 0.148506 23290.2 2.58946
3901.46 4573.89 0.0667231 0.00330326 0.0290428 8.20678e-09 -15.4383 0.136477 17908.1 1.97737
3900.77 4573.54 0.0661231 0.00459164 0.00207615 5.28965e-09 -12.5084 0.164286 24183.9 2.37393
3900.59 4573.51 0.0705293 0.00346628 0.000223981 1.86157e-09 -14.0119 0.151022 22607.4 2.90659
3911.48 4578.96 0.0790284 8.26127e-05 0.001102 6.01203e-09 -18.4793 0.123562 18908.1 3.03786
3921 4591.4 0.0961938 0.000669792 7.86642e-05 3.18074e-08 -17.6667 0.0719038 15046.3 2.66843
3907.29 4583.24 0.106041 0.00132071 0.000941334 3.5654e-08 -22.6026 0.0801612 24141.1 2.08249
3907.26 4588.18 0.111267 0.00152202 0.000213592 2.11949e-08 -25.4472 0.0786063 27857.5 2.33493
3896.22 4584.94 0.112227 0.00380584 0.00273639 3.88672e-08 -25.7134 0.0806873 32072.9 2.77108
3899.96 4589.26 0.120413 0.0107024 0.0121105 5.68775e-08 -23.2325 0.0665917 28410.7 2.89397
3901.99 4590.84 0.117992 0.00106434 0.000370585 8.51354e-08 -25.4316 0.0679426 32207.5 2.73478
3891.85 4592.27 0.125148 0.000313128 0.000261849 1.04444e-07 -21.2741 0.0643231 34752.3 2.61584
3891.88 4589.72 0.129583 0.00468121 4.02892e-07 2.50387e-07 -16.0233 0.0643977 35222.3 2.21831
3892.16 4589.08 0.127194 0.000933126 0.00013359 1.44064e-07 -20.7226 0.0676195 34667.6 2.34991
3893.09 4592.09 0.128789 0.000655195 0.00211526 1.3248e-07 -22.1227 0.0701137 34931 2.73513
3903.02 4589.03 0.149407 0.000721752 0.00244016 3.26395e-08 -14.6998 0.0509326 26604.4 2.90237
3886.91 4593.78 0.141187 8.41809e-05 0.00772759 3.04664e-08 -12.2677 0.0518168 33827 2.8367
3884.07 4586.4 0.145873 9.2394e-05 0.0078732 8.66606e-08 -15.4215 0.0600146 34777.5 2.88238
3890.84 4588.12 0.144186 0.00148751 0.0098972 5.3387e-08 -12.6145 0.0590906 33627 2.65025
