meanPX meanPY meanPZ varPX varPY varPZ meanAngle angleStdev NEFF elapsedTime
2388.86 2298.48 0.868891 1.78235 4.8991 1.01375e-07 -89.3743 3.60779 4608.74 2.57521
2364.53 2261.83 0.868135 0.513801 1.55813 1.94219e-08 -88.1123 3.73395 12334 2.89687
2399.02 2237.25 0.867283 3.77758 8.23248 2.24483e-07 -61.5437 3.71089 16064.5 3.12945
2342.39 2251.1 0.864292 2.934 7.19673 2.15934e-07 -53.0714 3.27201 18669.2 3.14509
2464.28 2207.35 0.862796 3.41548 4.75664 1.72338e-07 -38.236 3.03672 21213.3 3.4601
2421.3 2218.13 0.861277 0.0407601 10.9127 6.0178e-08 -22.989 2.43755 23085 3.1907
2534.89 2226.77 0.857911 0.131646 9.63436 3.68278e-08 -16.8142 1.72859 24502.9 3.27473
2548.15 2245.11 0.851581 0.350684 14.303 3.02951e-08 -8.28056 1.58409 28420 3.19284
2537.71 2236.81 0.853017 0.268502 11.3641 2.6007e-09 -4.66819 1.19584 28546.4 3.30206
2459.09 2226.47 0.848767 0.683587 3.76367 4.95974e-09 2.65508 0.907933 24559.9 3.32561
2640.17 2192.14 0.854215 1.30366 3.69639 8.7537e-09 -12.2466 0.671504 21011 3.08557
2705.15 2178.52 0.857981 3.0186 0.144665 4.14633e-08 -19.2456 0.541974 24866.1 3.04244
2711.02 2197.96 0.856751 3.17026 0.203095 5.24798e-08 -23.0403 0.560072 22598.4 3.23453
2830.64 2186.4 0.862396 1.62037 0.0684786 4.05699e-08 -36.1867 0.4163 24345.8 3.4358
2927.98 2182.19 0.870452 2.91211 0.089899 2.01376e-07 -46.8074 0.222068 24990 3.40805
3062.7 2145.64 0.859769 1.32815 0.0043378 1.21839e-07 -62.3218 0.122624 22761.3 3.43487
3121.55 2095.37 0.867808 0.386394 0.0106073 3.74957e-10 -72.2054 0.0630588 26914.2 3.27937
3110.87 2079.72 0.854783 0.250552 0.195456 1.74953e-10 -71.9417 0.0511582 33147.6 3.07468
3138.44 2049.92 0.878147 0.636612 0.520896 2.2006e-08 -80.3663 0.0260128 30100.5 3.40513
3152.56 2004.68 0.867458 0.174203 0.197137 1.43159e-09 -90.1395 0.0192113 30194.9 3.47265
3144.54 1971.11 0.893225 0.139807 0.184456 2.04575e-09 -90.3176 0.014319 33032.1 3.13763
3135.89 1932.11 0.890974 0.384581 0.463256 1.65851e-09 -93.9952 0.0163068 35587.6 3.23687
3130.08 1885.86 0.888529 0.206022 0.29314 2.42924e-09 -97.1716 0.0111758 34311.4 3.34508
3120.13 1847.38 0.892068 0.159359 0.0731042 2.18166e-08 -101.57 0.0081398 34402.8 3.31438
3113.13 1784.02 0.898781 0.00732817 0.0354038 1.94266e-08 -102.971 0.0104389 35949.4 3.02785
3104.88 1739.11 0.899777 0.00111356 0.0975295 1.05944e-07 -103.869 0.00859479 31382.7 3.08943
3105.42 1680.55 0.901161 0.0105989 0.0465811 5.88477e-10 -106.46 0.00908769 32120.8 3.3511
3091.6 1620.3 0.90711 0.0250215 0.0584854 5.39887e-10 -112.29 0.00808604 35266.5 3.43824
3088.97 1565.2 0.898815 0.0506786 0.0807108 1.96731e-08 -116.654 0.0085841 30673.3 3.31754
3074.24 1522.2 0.898344 0.0342522 0.0697807 4.22664e-08 -120.641 0.00881982 34881.4 3.36264
3055.03 1467.57 0.913271 0.0203763 0.0383871 2.34575e-08 -126.378 0.0088562 32028.3 3.19933
3041.17 1405.83 0.933803 0.0380472 0.0265444 4.98852e-08 -130.372 0.00893998 30756.6 3.26174
3018.2 1338.61 0.936081 0.0599934 0.00136848 4.82406e-09 -140.777 0.0114801 33292.5 3.35732
2982.21 1296.63 0.9176 0.0273729 0.0015796 2.98457e-09 -148.977 0.0120933 28100.3 3.26668
2964.61 1250.68 0.916236 0.0698368 0.00376637 6.4463e-12 -153.81 0.0135798 29570.9 3.27013
2910.66 1217.91 0.937798 0.223401 3.6695e-05 2.92687e-08 -152.416 0.0121829 28585 3.4042
2893.28 1234.56 0.920153 0.265072 0.0228006 3.82965e-08 -146.861 0.039907 15541.5 3.26892
2838.56 1185.39 0.946791 0.113636 6.10634e-05 2.44178e-08 -154.711 0.0294176 19430.4 3.09394
2834 1184.31 0.948484 0.168222 0.000214967 1.40835e-07 -163.855 0.0693736 18814.8 3.25156
2804.24 1169.7 0.934876 0.0684369 0.00164618 2.31024e-08 -166.823 0.0424827 22043 3.19651
2768.57 1166.18 0.937032 0.0189588 0.0144528 3.45753e-08 -164.339 0.0351179 24622.3 2.92688
2709.22 1152.86 0.95173 0.0124589 0.0287918 1.03984e-08 -162.309 0.0185634 22500.2 3.20693
2642.03 1148.16 0.935801 0.0288951 0.0797926 1.34648e-08 -164.794 0.0172062 23748.5 2.9848
2600.12 1164.81 0.944312 0.0119948 0.0718634 1.3777e-08 -165.974 0.0168271 21586 3.12739
2525.65 1155 0.955731 0.0395385 0.127313 8.38613e-09 -169.744 0.0164659 15591.5 3.3345
2462.82 1175.47 0.981552 0.0570829 0.0381614 1.5613e-08 -173.106 0.0160865 17347.6 3.5336
2455.61 1169.48 1.00001 0.019911 0.0161478 4.4601e-09 178.118 0.0682773 16171.9 3.23653
2393.99 1171.44 1.02237 0.0125537 0.0290618 7.27187e-08 177.855 0.0430213 22896 3.17963
2303.95 1165.69 1.05212 0.0119439 0.0613321 8.26058e-08 176.397 0.0461714 25611 3.33586
2255.29 1154.85 1.08055 0.00027847 0.0473047 7.84301e-08 172.405 0.0314856 26577.7 3.113
2176.35 1127.38 1.08562 0.0103341 0.00310302 5.82975e-08 157.243 0.0100507 12905.1 3.1379
2127.62 1110.6 1.09627 0.0458832 0.0101204 1.05136e-07 149.366 0.00959876 23515.3 3.38805
2063.61 1124.39 1.10837 0.163853 0.0437107 2.55475e-07 138.996 0.0122815 32892 3.42919
2043.54 1144.14 1.0879 0.028704 0.0506116 4.38739e-08 136.412 0.00903993 25773.7 3.28243
1989.7 1208.89 1.10319 0.0194961 0.050445 3.06425e-10 132.937 0.00771639 29054.9 3.38053
1957.74 1229.2 1.10137 0.00477079 0.0560013 9.89972e-09 130.49 0.00757896 31726.6 3.31641
1916.97 1263.1 1.1042 0.0077624 0.128109 3.54996e-09 123.802 0.00670565 27306.2 3.16354
1905.43 1299.62 1.10505 0.00304512 0.0576204 6.98091e-09 125.106 0.00885735 30125.8 3.47418
1885.6 1377.69 1.11779 0.000356886 0.1252 1.5723e-08 124.062 0.00874342 30573.8 3.39517
1859.32 1407.94 1.08715 0.000400472 0.0951701 1.30782e-08 124.44 0.00870638 23552.9 3.41538
1822.58 1472.73 1.08578 0.00161882 0.0527958 3.36222e-08 123.494 0.00848628 22944.9 3.35268
1778.18 1496.04 1.07902 0.00601552 0.0344727 6.90344e-08 124.202 0.0111959 29446.3 3.10712
1720.51 1520.83 1.06255 0.00177817 0.116074 2.1112e-07 126.707 0.0105409 22864.9 3.33174
1714.08 1555.43 1.05458 0.00901901 0.0501831 1.59456e-07 124.544 0.0106992 22226.9 3.11669
1657.57 1589.95 1.04994 0.00966861 0.0166667 1.38931e-07 127.42 0.0113015 24510.5 3.31663
1626.66 1618.31 1.04991 0.00845913 0.00989399 6.57168e-08 127.479 0.0101475 31172 3.1879
1592.19 1644.71 1.02484 0.157537 0.0425093 3.03021e-08 126.103 0.0116613 25783.5 3.25368
1567.28 1679.76 1.04009 0.184644 0.0946934 5.71957e-08 126.302 0.0115108 28134 3.4503
1526.3 1679.39 1.03304 0.00890365 0.0201434 4.413e-08 122.172 0.0121895 23105.3 3.36761
1477.16 1703.88 1.02491 0.0370778 0.0625852 1.61433e-07 114.673 0.0176747 25213.5 3.2797
1443.54 1728.02 1.00384 0.109045 0.0108831 3.03544e-07 109.905 0.0107267 22622.8 3.13611
1417.85 1772.81 0.993487 0.0325673 0.0143995 1.13627e-08 101.659 0.00968305 23910.9 3.25054
1428.31 1825.3 0.997724 0.00212216 0.0210651 1.87741e-07 97.0573 0.00974778 25554.8 3.3303
1437.54 1872.62 0.989379 0.00221827 0.0227714 1.07007e-07 89.955 0.00899403 21532.7 3.2634
1442.07 1903.37 0.963906 0.0111535 0.0519556 5.6837e-09 87.5093 0.00722128 26989.1 3.127
1468.61 1937.64 0.960491 0.0251793 0.115067 8.25403e-10 87.8746 0.00704489 28534.7 3.1579
1490.59 1985.41 0.947452 0.00579442 0.0296892 6.64297e-09 86.7949 0.00648467 30566.3 3.04208
1504.41 2019.91 0.947499 0.000144145 1.3204e-08 2.88249e-08 88.0953 0.00571112 32338.9 3.25648
1511.22 2021.49 0.960679 0.000257921 0.000607458 8.35941e-08 86.396 0.00660993 32904.5 3.53028
1518.83 2079.42 0.961925 0.000128899 0.000723044 4.0504e-08 87.844 0.0067133 32931.9 3.25351
1528.93 2097.99 0.970465 0.00309093 0.00350196 1.13086e-07 89.5587 0.00677528 31721.5 3.37931
1546.62 2121.85 0.968631 0.00978301 0.00142437 9.42192e-08 96.9223 0.0069645 29956.6 3.39391
1582.25 2149.63 0.996913 0.0268586 0.00371686 2.14456e-07 105.908 0.00784069 34328.2 3.42435
1572.5 2183.66 0.993949 0.0433571 0.00078677 2.30128e-07 110.253 0.00763337 35533.2 3.35144
1562.99 2188.28 1.00555 0.0402681 0.000775684 2.38068e-07 110.604 0.00706735 32718.6 3.23198
1537.05 2232.38 1.00141 0.0369308 0.00885839 2.14141e-07 110.756 0.00768972 33900.8 3.59683
1515.1 2253.93 0.982689 3.93898e-05 0.00740014 2.9369e-09 111.474 0.0100126 32704.7 3.49473
1499.56 2299.3 0.988893 2.56717e-06 0.00698599 2.82246e-08 113.913 0.00813057 30549.4 3.41337
1499.77 2338.14 1.00389 0.000171832 0.00275393 3.92321e-08 112.144 0.00946122 34451.5 3.18851
1452.17 2362.57 0.993565 0.00151376 0.014279 3.55433e-08 114.792 0.00821737 29697.3 3.41197
1428.01 2386.18 0.996747 0.000529834 0.0188163 2.02647e-08 112.352 0.00823867 31782.4 3.33466
1411.7 2421.02 0.97833 0.00138919 0.0240585 1.62915e-09 107.066 0.0100198 29538.4 3.177
1364.31 2443.24 0.991875 0.00161055 0.0449282 8.30466e-09 100.801 0.0104125 34287.7 3.19824
1358.4 2443.97 0.996458 0.00372021 0.0220422 2.25478e-08 89.7476 0.0473694 21483 3.30788
1359.67 2443.23 0.986235 0.0132135 0.0268039 2.65557e-08 84.6126 0.0992488 24155.4 3.32528
1359.57 2445.13 0.985341 0.00544485 0.0102932 5.2256e-08 82.9566 0.0978179 26439.8 3.26831
1372.22 2483.34 1.01442 0.000210031 0.0316914 4.48215e-08 72.7421 0.0412718 21278.3 3.17331
1395.88 2545.37 1.01356 0.00304969 0.042901 7.82813e-08 68.0541 0.0337371 30538.4 3.28125
1393.76 2566.04 1.0239 0.0117589 0.051867 1.05606e-07 63.672 0.0263271 31325.1 3.32203
1429.51 2625.19 1.0319 0.0090344 0.038431 9.14826e-08 63.6639 0.0264636 33006.4 3.2611
1444.27 2675.54 1.03402 0.0417787 0.0725309 2.26119e-07 60.7745 0.0209489 34129.3 3.22221
1426.06 2716.62 1.01866 0.0473154 0.0448896 1.87175e-07 59.3047 0.0229469 31903.4 2.96401
1466 2753.57 1.04737 0.0662674 0.0252368 1.83943e-07 55.3076 0.0237881 34661.6 3.0098
1486.99 2810.68 1.02632 0.156602 0.0121841 2.34226e-07 53.0067 0.0210468 30272 3.32838
1497.59 2865.73 1.03734 0.173812 0.00723696 2.20718e-07 53.3865 0.0187823 30719.1 3.30577
1523.82 2925.44 1.05115 0.212068 6.09034e-06 1.56065e-07 53.0951 0.0138202 25092.3 3.52089
1546.5 2941.86 1.02919 0.0674897 0.00268349 1.59569e-08 54.5252 0.013515 25448.1 3.67279
1574.39 2972.97 1.03785 0.0926807 3.37302e-07 1.39282e-10 50.5002 0.0146407 30974.8 3.4646
1588.39 3025.95 1.03851 0.11311 0.00186167 1.06039e-09 49.1786 0.0152802 33944.8 3.35437
1605.57 3055.37 1.04105 0.0525177 0.00420113 1.41602e-08 48.0015 0.0145051 27354.9 3.4941
1644.63 3087.75 1.0663 0.0373923 0.00116675 3.2095e-09 47.7516 0.0171591 31953.9 3.47467
1681.87 3132.59 1.06813 0.0392961 0.00992594 2.13866e-08 48.6747 0.0143114 28958.9 3.45205
1738.15 3159.5 1.06335 0.0486789 0.00518275 4.05859e-08 48.4219 0.0171285 33659 3.53376
1738.54 3181.25 1.05985 0.0599192 0.00869664 1.70926e-08 48.4674 0.0145825 32292.6 3.38522
1784.43 3212.26 1.06062 0.0957009 0.00212379 4.83351e-08 47.3243 0.0135835 29184.4 3.45775
1816.27 3251.34 1.06385 0.136252 0.00860921 1.11102e-07 48.6333 0.0120541 32431.3 3.60389
1827.92 3281.21 1.04861 0.120545 0.00337868 6.87571e-08 47.4119 0.013097 28344.8 3.52197
1881.45 3308.39 1.05698 0.0679982 0.00142047 1.08895e-08 45.996 0.012446 32127.8 3.49465
1913.79 3337.54 1.03487 0.0809927 0.0135243 5.56872e-08 45.9844 0.0111442 28974.5 3.43224
1960.39 3363.21 1.03991 0.101238 0.0472206 1.08052e-07 46.3849 0.01235 31046.4 3.21919
1928.32 3349.66 1.00892 0.0887705 0.0291497 2.10249e-07 47.3291 0.013295 25251.7 3.1946
1956.2 3364.8 0.981677 0.107801 0.0446009 2.84182e-07 46.1083 0.0107804 23359.6 3.36028
1986.07 3398.97 0.988861 0.101044 0.0953224 2.70349e-07 42.1061 0.00970399 27618.7 3.51396
2025.31 3456.32 0.970906 0.0634784 0.113569 3.12966e-07 39.5922 0.00841067 20833 3.33722
2044.57 3494.83 0.970332 0.309742 0.0582399 3.58651e-07 33.7479 0.00695662 25350 3.0625
2103.84 3539.11 0.984958 0.0245242 0.020669 8.82431e-08 25.8751 0.00408048 20932 2.7335
2179.46 3604.47 0.984652 0.000797984 0.0214959 9.5298e-08 19.3634 0.00499454 30517.5 2.31668
2207.85 3634.33 0.987863 0.00417043 0.00251246 7.08543e-08 17.6332 0.00461957 29047.7 2.15652
2237.06 3670.97 0.98993 0.0023823 0.0140538 1.92968e-07 14.548 0.00459359 31349.3 2.51814
2302.26 3676.85 0.982378 0.0129647 0.00114163 1.39248e-07 12.9343 0.00468119 30191.4 3.08558
2356.7 3695.32 1.00309 0.0170841 0.000216907 6.04986e-08 13.9085 0.00618675 34257.2 3.16043
2421.24 3727.51 1.00354 0.0178152 0.000263184 8.18017e-08 13.2333 0.00482743 28363.2 3.55724
2474.91 3736.2 1.01216 0.0366798 0.000192922 6.7877e-08 14.8732 0.00626295 32787.4 3.40725
2544.05 3751.28 0.998078 0.0322105 0.00101555 7.61485e-08 14.1223 0.00699948 30150.3 3.46074
2609.56 3782.34 1.00469 0.0990633 3.91273e-05 8.58342e-08 12.8759 0.00640573 28278.8 3.41632
2769.19 3791.03 1.00859 0.0867725 0.00129742 5.65498e-08 8.8207 0.00759455 29151.5 3.54443
2867.07 3848.65 1.00621 0.267145 0.010756 1.83524e-07 4.31313 0.0072578 29163.2 3.32625
2897.8 3836.43 0.999645 0.484437 0.0482398 2.42131e-07 0.591464 0.00818886 26120.4 3.38103
2963.37 3843.66 1.00456 0.405284 0.0706878 2.82897e-07 -5.36878 0.011367 30209.9 3.21845
2994 3850.95 0.998547 0.0482593 0.113013 4.15223e-08 -8.19406 0.0133853 32410.7 3.20391
2989.85 3834.28 0.989589 0.0536454 0.144325 4.01857e-08 -12.6398 0.0150299 31662.4 3.23312
3027.06 3834.5 0.983572 0.0449795 0.0851763 2.66657e-08 -19.0119 0.0127333 29264.7 3.57607
3039.31 3833.69 0.979041 0.0233125 0.0226817 9.37353e-09 -23.186 0.0129245 29542.2 3.38621
3068.01 3834.06 0.979426 0.0559913 0.0568197 7.59091e-08 -30.7245 0.0119544 32093.4 3.44308
3100.14 3820.32 0.973873 0.0441746 0.0362313 5.5086e-08 -38.7216 0.0105931 29339.7 3.32786
3143.57 3795.64 0.969189 0.0771528 0.106029 1.57333e-07 -45.1271 0.0119011 31447.1 3.62262
3211.55 3702.54 0.984598 0.00676305 0.065854 3.80209e-09 -45.0112 0.00983099 27731.9 3.47491
3179.16 3713.14 0.984673 0.0703221 0.0209887 2.5054e-07 -44.9328 0.00886343 30436 3.63922
3142.08 3731.08 0.965407 0.0322159 0.00663176 2.17332e-07 -46.2528 0.00992168 33196.7 3.40669
3137.97 3711.07 0.968208 0.00195576 0.00502395 1.76859e-07 -49.78 0.0122711 34891.6 3.47051
3148.38 3712.69 0.949528 0.000815491 0.000163111 1.56072e-07 -54.3407 0.00655922 25880.7 3.54774
3166.1 3689.86 0.943899 0.000697883 0.00183059 2.14999e-07 -63.8595 0.0087061 35191.5 3.42145
3190.37 3689.6 0.935138 0.00408741 0.00649249 4.40605e-07 -68.4688 0.0102124 35921.1 3.29313
3216.68 3662.91 0.928495 0.100812 0.00840799 5.90001e-08 -73.5049 0.00916294 33103 3.37943
3221.66 3632.63 0.921334 0.170819 0.0161719 8.0353e-08 -78.6941 0.0096807 31281 3.3661
3243.09 3622.01 0.926698 0.282375 0.0454936 1.20357e-07 -86.4158 0.0110512 35664.8 3.20122
3239.65 3618.07 0.922019 0.159601 0.0286435 5.01192e-08 -88.9781 0.0106559 32817 3.16264
3241.18 3584.87 0.910532 0.0861447 0.0178445 2.0613e-08 -89.5847 0.0107012 31454.4 3.27309
3229.24 3558.65 0.934097 0.0885665 0.0139062 4.09972e-08 -93.0369 0.0120202 33616.2 3.27827
3216.23 3536.38 0.921993 0.030114 0.00588806 3.95256e-08 -94.6894 0.0132366 33522.9 2.22808
3196.79 3473.82 0.920514 0.00904339 0.000161651 1.16613e-07 -95.098 0.00934455 29817.5 2.17966
3177.66 3404.57 0.925479 0.00441827 5.53953e-05 9.52867e-08 -96.3081 0.0112165 34653.9 2.62319
3161.47 3370.42 0.929153 0.00248647 2.53344e-05 1.14669e-07 -98.4259 0.0131093 33204.4 3.08107
3161.16 3365.9 0.913188 0.0033649 1.31639e-05 7.23981e-08 -96.96 0.0107138 30238.5 2.96953
3140.29 3311.3 0.916532 0.00378068 0.0215843 3.85524e-08 -97.5419 0.0110602 34642 3.29418
3151.11 3315.78 0.896024 0.000846826 0.00436501 7.39852e-08 -95.9537 0.0118328 33249 3.26242
3140.99 3266.39 0.897021 0.00710541 0.00646044 6.35077e-08 -98.2035 0.0107044 33171.2 2.53568
3144.22 3255.23 0.880451 0.00578685 0.00434304 1.89221e-08 -96.0382 0.0112992 33925.3 2.13468
3164.87 3213.92 0.877458 0.00531968 0.00463395 1.06681e-09 -96.6832 0.0112179 32259.3 2.64967
3161 3173.68 0.875825 0.0104339 0.00717108 5.88899e-09 -98.6628 0.0142675 35465 3.45805
3155.87 3131.54 0.869074 0.0133693 0.0118677 7.71114e-10 -98.5442 0.0122205 32446.2 3.48149
3166.38 3125.09 0.864201 0.0197926 0.0137128 3.49864e-09 -95.563 0.0156683 30428.2 3.3692
3162.49 3112.6 0.855952 0.0463401 0.00791861 1.11476e-08 -98.2647 0.0190331 30543 3.48577
3167.24 3094.96 0.854442 0.0348919 0.0158578 1.33218e-08 -97.5618 0.0172992 31513.6 3.58506
3158.2 3061.95 0.867219 0.0569178 0.031293 2.50228e-10 -96.9912 0.0194843 33216.7 3.43758
3146.24 3064.1 0.860138 0.0875036 0.0463522 1.29771e-09 -100.963 0.068563 26153.5 3.31935
3139.83 3034.24 0.849224 0.0834718 0.0753173 2.60609e-09 -98.2454 0.0519733 29706.7 3.52934
3141.43 3024.06 0.846758 0.0428143 0.0824858 4.35932e-10 -94.5315 0.0362262 29069.1 3.47495
3138.59 2991.59 0.822 0.0224425 0.0512151 1.617e-09 -96.0834 0.0434088 33768.1 3.29494
3114.94 2955.84 0.844645 0.0532728 0.0487388 2.7548e-08 -98.1859 0.0417222 34240.3 3.45966
3128.39 2929.9 0.848181 0.0857771 0.0415626 4.95727e-08 -95.5868 0.0338853 33154.1 3.51472
3136.75 2930.76 0.855167 0.0173209 0.0218417 4.20661e-09 -101.109 0.0721691 26665.7 3.38937
3114.95 2903.5 0.849625 0.133995 0.0491209 2.13977e-08 -102.99 0.0821981 32905 2.78238
3117.48 2858.95 0.857232 0.191887 0.0546494 2.86243e-08 -100.87 0.0810126 34297.7 2.42393
3132.19 2839.53 0.854535 0.102332 0.035031 8.87361e-08 -98.8116 0.0645978 34667.4 2.11164
3122.35 2796.78 0.855697 0.172504 0.0640339 2.33424e-07 -98.0928 0.0533139 32810.6 2.77752
3122.67 2772.4 0.855723 0.173375 0.0561147 1.87296e-07 -93.3512 0.057246 33876.1 2.98227
3117.79 2723.93 0.865344 0.061687 0.039753 1.71104e-07 -91.6128 0.0607525 32363.8 3.12498
3123.3 2686.63 0.864483 0.0169301 0.0229562 7.01171e-08 -89.6789 0.0620197 32351 3.4064
3137.93 2642.31 0.847493 0.0184124 0.05119 1.01248e-07 -91.6779 0.0677446 30881.7 3.2384
3139.43 2653.16 0.827613 0.0067607 0.0658523 9.40621e-08 -102.266 0.059222 32348.5 2.91691
3196.19 2513.67 0.86307 0.00933641 0.164523 1.66591e-07 -131.471 0.0687625 31419.6 2.51775
3189.23 2392.66 0.869752 0.00185945 0.185077 1.50432e-07 -151.043 0.0505235 22971 2.09336
3162.68 2439.57 0.891525 0.00145631 0.0622722 9.46551e-08 -151.374 0.0447433 24832.4 2.61358
3141.58 2454.3 0.894784 0.00238264 0.0460165 1.24499e-07 -152.93 0.0332374 26988.4 3.13898
3119.33 2461.83 0.9004 0.00322748 0.00972596 4.77925e-08 -150.845 0.0240015 29728.3 3.08284
3060.05 2465.07 0.905997 8.37301e-05 0.000192497 7.32397e-08 -150.726 0.0209572 31377.4 3.18568
3054.96 2462.11 0.905983 0.0147313 0.00311754 6.58278e-08 -150.529 0.0180522 33214.7 3.10271
3000.33 2443.9 0.910131 0.0246485 0.0107177 6.33591e-08 -150.056 0.0150519 31934.4 3.25257
2973.77 2444.36 0.912084 0.0636282 0.0164123 3.93719e-08 -149.916 0.0132384 34913.2 3.36399
2975.21 2440.19 0.923226 0.0404636 0.0233551 2.24503e-08 -150.761 0.0120919 33299.1 3.38337
2937.5 2422.27 0.920899 0.0468402 0.0269752 3.76023e-08 -151.036 0.0120627 37608.3 3.15845
2894.45 2423.12 0.913036 0.0354601 0.0227804 1.23367e-08 -149.305 0.0114901 34996.9 2.6891
2864.29 2368.48 0.905275 0.0454671 0.01672 2.62525e-09 -149.134 0.0112924 34642.1 2.4543
2828.64 2361.09 0.890126 0.0416553 0.0107054 2.95935e-08 -149.891 0.0111881 32684.1 2.0814
2792.36 2332.4 0.862332 0.0498162 0.0186907 1.89109e-07 -150.338 0.0099852 32012.4 2.55624
2719.29 2271.05 0.858916 0.0775362 0.000899241 5.27295e-07 -151.855 0.00982591 28735.3 3.06304
2612.73 2318.46 0.896463 0.199217 0.000641218 6.20238e-07 -149.713 0.00998564 34040.6 3.04449
2619.48 2274.4 0.879737 0.228325 0.0174318 7.64333e-07 -149.92 0.0092158 31231.1 2.94908
2632.89 2131.95 0.878489 0.0261633 0.0313294 2.14862e-07 -151.547 0.00858222 29495.9 3.3843
2640.6 2013.28 0.881626 0.0116704 0.0718591 4.13533e-07 -152.002 0.0082818 31179.9 3.30679
2681.31 2144.53 0.884466 0.047769 0.0181054 3.62112e-07 -153.832 0.00803296 30513.9 3.23782
2694.87 2134.05 0.884141 0.084852 0.0499164 7.96573e-07 -154.801 0.0083345 33401.7 2.99315
2714.9 2201.47 0.877747 0.00242541 0.0147528 3.34479e-07 -154.767 0.00975364 37064.7 2.96865
2706.58 2151.27 0.883989 0.00280982 0.016287 2.95463e-07 -152.446 0.00943284 36041.2 2.6849
2699.94 2133.99 0.860663 6.29645e-05 0.00046746 3.07579e-07 -153.39 0.0106957 33998.4 2.48851
2752.97 2181.36 0.851314 1.23414e-05 0.000114858 2.55259e-07 -148.978 0.0115251 39765.6 2.12263
2731.42 2189.16 0.866551 4.31366e-05 0.00268747 3.65315e-07 -144.55 0.00923965 31633.6 2.17065
2731.7 2180.41 0.858889 0.000273841 7.85077e-05 3.0165e-07 -146.836 0.00935995 35144.1 2.80653
2734.39 2162.62 0.856433 0.142802 0.0185839 9.61323e-08 -149.427 0.0114018 34558.1 2.94974
2687.98 2136.57 0.872474 0.209394 0.0233848 1.57388e-07 -142.7 0.0122661 36168.4 3.26156
2746.66 2203.07 0.86537 0.0117952 0.0039486 8.25884e-08 -139.644 0.0110266 36867.6 3.23657
2753.69 2230.16 0.849942 0.0235295 0.00419746 1.52511e-07 -142.649 0.015027 34975.9 3.20103
2739.8 2181.99 0.850866 0.0303971 0.00284145 5.88588e-08 -140.591 0.011534 35624.9 3.23158
