meanPX meanPY meanPZ varPX varPY varPZ meanAngle angleStdev NEFF elapsedTime
2284.65 2444.6 -0.14946 1.33317 3.51126 1.15747e-08 -88.5084 10.7747 12828.1 3.16847
2183.74 2516.44 -0.147552 0.495755 2.64895 4.62859e-08 -57.8098 8.58676 12959.3 2.52684
2053.69 2681.38 -0.147699 0.404943 0.121996 1.63731e-08 -19.4261 6.31735 10286 2.26787
1996.18 2893.12 -0.14792 1.20286 0.714786 2.17694e-09 -27.1022 5.00382 13323.9 2.77185
1992.39 3046.31 -0.152117 4.86729 0.531236 6.05654e-11 -11.8746 5.09595 18211.8 3.15009
2028.74 3152.23 -0.153684 8.86147 2.38649 7.0913e-09 -7.62037 4.63657 23675.3 2.95667
2088.99 3318.03 -0.157089 2.5762 2.08824 8.24003e-09 14.7513 4.79294 25284 2.44711
2066.53 3448.66 -0.158696 13.4776 23.1319 1.76166e-07 24.7846 5.05685 27082.5 2.23255
2124.87 3505.51 -0.16123 1.65526 0.150545 7.05296e-09 20.9502 4.60945 29699.8 2.9994
2171.7 3592.73 -0.164194 3.4149 0.120403 3.42042e-08 45.7878 4.75253 29950.4 2.94956
2245.86 3670.92 -0.166877 3.83861 0.000833159 7.20128e-11 36.9789 4.43469 30866.6 2.40161
2280.25 3715.08 -0.173265 7.21481 0.0349794 1.51638e-08 30.1148 4.17981 32029.4 2.34665
2415.3 3720.44 -0.166859 8.1662 0.0465126 1.62717e-08 27.5047 3.4203 28921.6 2.72563
2419.67 3742.24 -0.166829 13.8851 0.13498 2.34065e-08 15.0274 3.11908 30854.5 2.73466
2637.03 3819.07 -0.167432 29.6353 0.705732 5.13806e-09 -3.34034 2.43554 24706.6 2.93345
2707.1 3869.72 -0.164113 14.1686 0.527213 1.51866e-10 -18.2376 2.05288 30109.6 2.60002
2817.36 3913.06 -0.161628 23.0483 0.984084 7.08011e-09 -28.9596 1.92026 28595.2 2.21279
2917.52 3952.96 -0.164352 11.9824 25.121 1.02494e-07 -27.714 1.51329 29845.3 2.73977
3006.97 3987.7 -0.171542 8.40305 15.6424 1.03415e-07 -35.7718 1.51882 29611.1 2.91578
3065.27 4081.28 -0.178015 9.62302 18.476 1.26672e-07 -48.159 1.49176 28749.8 2.75917
3213.89 4137.86 -0.18606 10.2558 18.0314 4.16383e-08 -43.0728 1.40448 28728.3 2.57464
3332.55 4220.79 -0.198039 5.45328 0.448741 3.14662e-11 -44.9566 1.16427 27739.4 2.13687
3473.15 4294.01 -0.209622 10.5298 0.732636 1.05971e-08 -47.6918 0.947952 25182.5 2.66801
3504.99 4315.26 -0.212749 4.75304 0.317064 6.18195e-10 -51.7245 0.923648 28893.3 2.94418
3511.84 4331.71 -0.216519 8.36285 0.467585 8.06139e-10 -54.239 0.948129 29434.2 3.03104
3457.65 4309.69 -0.219946 22.2953 0.0653535 1.01466e-08 -54.7335 1.08983 32972.1 2.71165
3486.12 4330.75 -0.220062 22.2488 0.0688734 1.84196e-08 -58.458 0.905234 30431.1 2.19834
3464 4335.95 -0.227406 16.8702 0.0541499 1.51596e-08 -66.5899 0.904758 25242.9 2.59855
3482.8 4365.68 -0.228687 16.3801 0.0652127 4.22413e-08 -72.9382 0.798726 23161.9 3.06729
3335.62 4366.23 -0.237089 6.5045 0.0194978 9.3883e-08 -80.2756 0.705415 14823.9 2.9079
3304.87 4337.87 -0.235448 8.27326 1.56775e-05 7.45016e-08 -83.0023 0.803473 21447.4 2.48966
3066.57 4191.43 -0.232763 9.68905 0.686107 1.82001e-07 -82.0735 1.34752 19512.2 2.25206
3140.58 4046.1 -0.225253 11.2396 2.9191 4.78016e-08 -94.7448 1.38934 19668.8 2.66013
2957.39 3825.22 -0.22604 7.83471 11.0539 9.00139e-08 -96.7812 1.56469 20316.9 2.9023
2815.38 3597.1 -0.225075 3.27419 18.8778 4.61722e-08 -96.6434 1.95579 19587.8 2.8659
2510.84 2810.45 -0.231813 0.0118044 48.3845 5.78874e-08 -65.422 1.60235 17850.7 2.39776
2446.78 2789.38 -0.230923 0.0251656 54.0653 1.20086e-07 -74.8949 1.49755 16951.4 2.4173
2147.45 2179.76 -0.246772 3.66173 181.547 3.52263e-08 -60.2501 1.22603 16401.3 2.67522
2177.6 2352.11 -0.244693 5.62121 291.513 1.58922e-07 -66.6964 1.34234 21956.4 3.09918
2104.18 2134.25 -0.247317 2.55166 109.243 1.53476e-08 -68.6979 1.06251 20250.1 2.73844
2207.16 2753.41 -0.247022 1.36169 59.5422 2.63938e-08 -75.9861 1.37849 16692.2 2.17496
2416.11 3342.44 -0.26076 0.0331445 19.2301 5.98212e-08 -92.4358 1.25142 13327.6 2.3415
2348.81 3398.21 -0.254033 0.264925 23.5592 3.55019e-08 -93.629 1.38395 22833.9 2.91049
2397.8 3336.18 -0.239578 0.0770548 22.7932 2.98291e-08 -67.2977 3.11106 20346.2 2.9318
2304.16 3307.34 -0.23777 0.511433 28.7132 2.19173e-09 -39.1512 3.83589 20824.1 2.60814
2289.54 3327.94 -0.225428 0.586957 22.6075 1.0365e-08 -0.315594 3.41506 22483.7 2.02759
2315.59 3414.41 -0.214159 0.404932 16.3096 4.60867e-08 46.48 2.76806 23676 2.40362
2374.27 3637.06 -0.208413 0.104369 11.6124 2.33813e-08 77.0543 3.42758 18952 2.72884
2306.97 3685.78 -0.211697 0.325651 6.6391 1.03505e-08 89.3438 3.08482 17416.9 2.53955
2332.55 3703.01 -0.188561 0.549924 10.2729 1.56518e-09 96.4767 3.59212 17627.2 2.06713
2378.12 3772.76 -0.167351 0.508065 13.3136 5.86017e-08 139.866 3.8277 18730.1 2.4975
2466.97 3860.56 -0.159496 0.0487146 10.6956 1.6248e-07 115.177 3.00222 22998.2 2.84529
2427.5 3733.75 -0.143211 0.16021 11.2641 2.30036e-07 148.357 3.54787 20091.4 2.92044
2401.89 3735.97 -0.139225 0.782136 28.1161 7.71867e-07 177.447 3.77157 22049.6 2.42414
2481.11 3725.03 -0.126668 0.103787 13.2103 5.65784e-07 -169.281 2.35134 27010.8 2.26939
2530.69 3867.27 -0.132822 0.0230418 10.1781 4.6109e-07 -160.611 1.68992 22282.3 2.57015
2623.99 3982.02 -0.138612 0.0944989 19.2594 9.73086e-07 -161.512 0.822047 21002.1 2.80363
2578.48 3928.06 -0.138688 0.00674403 9.33583 5.60717e-07 -156.725 0.527943 24862 2.8491
2594.06 4098.71 -0.15914 0.0123503 7.17377 7.54891e-07 -156.104 0.389432 25077.4 2.36767
2624.88 4060.16 -0.157361 0.000226562 2.25794 2.5383e-07 -156.177 0.607258 28032.1 2.32644
2696.45 3978.94 -0.137826 0.0520493 9.02321 8.28723e-07 -164.983 1.11368 21928.1 2.60364
2729.53 4103.58 -0.152052 0.0348047 1.65829 1.44249e-07 -171.075 1.74575 21765.3 3.01107
2624.36 4111.12 -0.162191 0.00867375 1.36659 8.6878e-08 -160.986 1.98817 23293.7 2.95275
2786.74 4180.51 -0.157163 0.11939 2.52743 3.00136e-07 126.943 2.9959 18518.4 2.91647
2478.37 4144.08 -0.180992 0.230886 1.40387 1.67269e-07 28.8864 4.493 21916.9 2.72467
2393.66 4044.57 -0.187332 1.46172 6.73814 5.90532e-07 1.37409 3.14321 21453.8 2.91212
2356.05 4086.76 -0.199463 0.981445 2.74185 2.98881e-07 9.22615 2.12874 23038.4 2.48763
2503.81 4136.36 -0.203264 0.126471 0.955308 1.37839e-07 3.42679 2.43707 21726.7 2.2921
2429.02 4148.35 -0.21348 0.335274 3.05362 6.65758e-09 1.84062 2.18937 28142.3 2.51108
2219.64 4141.56 -0.241136 1.88106 3.49541 1.01088e-08 -12.5449 1.70462 24957.2 2.94613
2066.32 4118.87 -0.258108 4.31297 2.44897 1.17954e-07 -19.8811 1.14333 24286.6 3.11512
1914.38 4065.08 -0.275178 4.24104 2.03462 4.67384e-09 -25.0794 0.822631 22403.8 2.99362
2062.13 4149.32 -0.263376 4.46144 2.14858 3.10368e-07 -31.0404 0.679574 22707.3 2.3205
2287.39 4193.61 -0.243653 0.980244 1.08935 1.77257e-07 -34.442 1.19022 27947 2.16295
2333.92 4233.06 -0.234067 1.13646 0.730194 2.31594e-09 -35.4005 0.969742 26106.1 2.53728
2385.66 4248.25 -0.223527 0.153931 0.236418 1.0063e-08 -35.3036 0.892571 28362.3 2.85735
2420.26 4270.99 -0.213911 0.63942 0.630306 1.6712e-08 -33.9206 0.93654 29842.2 2.75278
2245.61 4251.08 -0.216354 3.11015 1.08692 1.48536e-10 -32.7551 0.53315 31840.2 2.25093
2166.9 4264.38 -0.234574 2.05367 0.48476 1.06673e-09 -33.7458 0.25346 28331.3 2.24953
2600.39 4299.8 -0.166595 0.298031 1.20623 6.58409e-08 -21.8226 0.826926 17123 2.71732
2607.97 4295.18 -0.165769 0.286826 0.515767 7.74991e-08 -21.0621 0.925943 24676.3 2.7361
2688.11 4309.35 -0.165645 0.0441306 0.31962 4.52545e-08 -7.35481 0.960172 23623.8 2.92509
3077.92 4357.89 -0.14783 0.891787 0.0724846 4.81489e-08 29.9455 1.15601 13805 2.8059
3186.25 4356.5 -0.132323 1.16686 0.0520205 4.58662e-08 42.6729 1.14951 17255.4 2.33616
3476.47 4396.23 -0.191298 1.2451 0.013368 1.36876e-09 82.2204 0.749243 14681.1 2.43567
3268.37 4351.39 -0.184772 7.56131 0.109188 2.64499e-07 69.2207 1.025 24495 2.88407
2843.74 4283.14 -0.179721 1.85948 0.569794 3.78277e-07 36.9121 1.17403 12075.6 2.85046
3180.34 4304.51 -0.186967 6.96977 0.319013 2.10834e-07 70.384 1.27249 17860.8 2.44387
2800.72 4240.17 -0.142898 0.706067 0.529991 8.96143e-08 30.6043 1.45045 8628.74 2.17352
2920.55 4184.56 -0.140816 2.92742 1.55101 2.02222e-07 43.7753 1.71156 15659.8 2.64614
2968.15 4171.78 -0.0851614 2.01725 0.974461 1.07188e-08 15.749 2.35628 11653.5 2.97877
3071.65 4159.79 -0.0746343 0.639578 0.217071 8.74078e-10 5.56502 3.28771 14203.6 2.78175
3050.78 4219.58 -0.0710013 2.48074 0.860233 4.65925e-09 -17.3341 2.66938 16976.5 2.43524
3219.62 4267.16 -0.0786484 2.03661 0.0580287 5.44748e-09 -30.7055 4.52214 17483.7 2.33037
3173.81 4268.35 -0.0852705 14.5549 0.364795 3.82057e-09 -30.2749 3.39947 19974 2.555
3185.02 4266.61 -0.0814891 4.55632 0.129126 1.22102e-09 -41.7714 2.94323 18128.7 2.6766
3176.92 4285.02 -0.0769912 21.0405 0.676158 9.76111e-09 -51.9387 1.89063 19616.5 2.32753
3383.76 4288.01 -0.0382509 20.5294 1.05421 3.51604e-11 -61.6045 1.25997 19881.1 2.36779
3354.28 4280.25 -0.040762 6.25705 0.286108 3.3109e-09 -64.4436 0.972616 24272.4 2.61736
3556.27 4300.94 -0.00344615 5.07133 0.266149 1.22504e-07 -70.6839 0.645937 23049 2.75316
3798.3 4334.5 0.0344552 4.20637 1.6052 1.80104e-07 -77.6706 0.372281 23072.4 2.85327
3873.97 4366.43 0.046107 2.70175 0.932433 9.62325e-08 -80.8199 0.260759 27418.9 2.44711
3910.33 4370.2 0.0562182 3.07291 1.26578 1.1103e-07 -83.8912 0.199019 25822.8 2.44808
4072.07 4376.2 0.0837667 0.612116 0.634963 6.86112e-08 -90.1132 0.125751 25811.7 2.56608
4107.44 4361.38 0.0875947 0.429214 0.0227652 2.91486e-08 -89.878 0.127465 27660.6 2.7449
4177.7 4356.7 0.102918 0.0601411 0.0193918 2.65628e-08 -92.569 0.104482 26593 2.91752
4176.58 4349.34 0.10232 0.352507 0.0777963 8.99616e-08 -90.7096 0.113815 26865 2.81319
4183.11 4308.79 0.0992336 0.085705 0.0760379 4.89944e-08 -94.925 0.155025 25882.3 2.79111
4127.6 4206.84 0.104583 0.150432 0.22145 3.12722e-08 -101.521 0.264742 21759.6 2.0736
4115.72 4193.05 0.100253 0.539657 0.727642 5.57209e-08 -99.3755 0.289869 25905.5 2.38258
4119.42 4236.48 0.0994275 0.300002 0.181534 1.41614e-08 -98.911 0.251746 25420.6 2.92675
4105.21 4198.2 0.0981131 1.23595 1.0409 1.04719e-07 -101.594 0.283444 23415.3 2.74078
3959.22 3992.38 0.0937561 1.97982 2.59135 5.12649e-08 -105.399 0.560697 25312.4 2.69736
3910.88 3950.03 0.0916877 3.44688 4.31241 1.02242e-07 -107.677 0.640606 24414.8 2.17641
3743.22 3726.84 0.0941676 8.37107 11.3837 2.37866e-07 -111.059 0.987323 21299.1 2.26214
3579.57 3491.45 0.0934597 14.6847 23.0832 1.53746e-07 -119.22 1.39177 16152.5 2.62971
3420 3430.43 0.0709372 9.91414 11.8205 5.38804e-08 -115.768 1.62181 18878.3 2.83734
3228.19 3343.19 0.05232 17.0154 15.7862 2.17314e-08 -119.973 1.85964 17223.1 2.78339
2969.62 3152.88 0.0269619 68.7076 58.0086 2.67508e-08 -130.459 2.43315 18902.5 2.71696
2761.35 2769.38 0.0388381 75.2876 81.7949 7.70689e-08 -174.417 2.49701 15379 2.04574
2659.06 2825.1 0.0174847 45.7889 41.0664 1.23657e-08 -168.14 2.82213 25561 2.30534
2619.97 2288.25 0.0617687 39.6448 59.871 7.96981e-08 151.967 1.40777 18121.4 2.78011
2453.1 2001.41 0.0729561 30.6522 45.5677 4.47498e-08 139.207 0.88953 20767.2 2.77354
2414.5 1914.34 0.0740405 23.1952 35.2829 5.08262e-08 133.944 0.728486 23082.7 2.80822
2449.21 2024.39 0.0648354 26.3743 37.6435 1.04261e-07 129.97 0.917892 24427.6 3.00167
2417.52 1843.45 0.0948063 64.4531 98.7405 3.7676e-07 116.876 0.58882 20517.7 2.53273
2359.33 2010.89 0.0754496 180.874 221.091 1.65992e-06 111.298 0.893512 25497.8 2.14785
2331.34 1898.94 0.0920149 220.285 288.728 1.4702e-06 105.167 0.678376 23203.8 2.39408
2346.89 2046.39 0.0783645 157.631 179.929 1.04702e-06 105.234 0.941664 21097.5 2.7694
2344.47 1920.75 0.0940605 113.007 140.321 8.27037e-07 102.099 0.699065 17916.4 2.80656
2564.44 2183.17 0.0868723 256.117 309.84 3.08228e-06 107.944 1.12198 16541.9 2.65588
2539.59 2125.71 0.0962481 159.778 192.552 1.7353e-06 104.846 1.07611 16705.8 2.25162
2567 2268.09 0.0881769 43.3471 45.3816 6.90764e-07 106.653 1.43797 16969 2.28603
2832.72 2607.34 0.0885571 44.8536 42.1916 8.92203e-07 130.13 2.44483 11737 2.64458
3300.69 3093.5 0.0999896 14.7354 12.4585 6.16318e-07 -159.719 2.7843 13185.8 2.83732
3361.1 3335.84 0.0907593 7.08686 3.76844 2.83681e-07 -137.819 2.19335 17743.6 2.81057
3965.8 3903.77 0.15251 1.21227 0.128505 2.9703e-07 -117.015 0.533536 10526.4 2.27057
3841.45 3802.19 0.136779 5.16508 0.956732 1.42105e-07 -126.304 0.787549 25117.7 2.27453
4086.35 3991.02 0.156622 0.765614 0.00580746 5.42149e-08 -128.569 0.394051 24069.6 2.73567
4063.24 3965.55 0.15325 0.633321 0.0109068 3.01432e-08 -133.316 0.421757 26247 2.88902
4106.84 4018.03 0.156941 0.12184 1.73415e-05 2.37602e-08 -134.135 0.316332 28793.7 2.66488
4118.76 4032.8 0.148898 0.199804 1.57252 1.42918e-07 -140.262 0.334063 24866.6 2.37624
4124.69 4033.53 0.14138 0.246652 2.09148 8.67154e-08 -147.444 0.376382 26441.6 2.2574
4113.69 4032.26 0.125696 0.125699 1.05019 4.15098e-08 -158.638 0.434051 26638.9 2.87619
4088.31 4020.35 0.102974 0.372037 2.04318 2.3628e-08 -173.639 0.549986 24977.2 2.93342
4088.99 4052.6 0.0603086 0.29306 1.08329 1.19696e-08 162.253 0.607829 17380.4 2.83302
4068.32 4053.28 0.00915542 0.358678 0.866936 8.80626e-08 147.159 0.579019 14353.7 2.67633
4134.23 4136.19 -0.00693082 0.0382276 0.153859 7.3294e-08 148.167 0.470371 21591.7 2.33447
4134 4157.67 -0.0211218 0.0183259 0.0606984 3.84022e-08 142.943 0.430921 24762.1 2.83975
4102.46 4109.19 -0.00886174 0.0677895 0.210102 7.30759e-09 140.539 0.511829 31018.6 3.02699
4050.92 4033.22 -0.0120969 0.165032 0.458203 3.28092e-08 132.959 0.626106 29049.1 2.80466
3972.38 3919.29 -0.00952563 0.609191 1.53843 1.3012e-08 121.403 0.795625 25679.4 2.8569
3737.84 3567.48 0.0197715 1.20653 2.54383 1.10117e-08 107.098 1.4457 22105.3 2.07175
3627.04 3397.7 0.0292843 3.62533 7.72468 2.34036e-08 90.8171 1.77449 25555 2.46386
3614.79 3394.02 0.0390909 1.64463 3.43171 8.56935e-09 88.6436 1.81216 26823.1 2.66785
3304.42 2886.62 0.0559695 26.9091 51.1553 4.02332e-07 30.5375 2.405 25961.3 2.84354
3345.17 2968.85 0.0591904 22.2641 41.7062 3.17442e-07 37.837 2.49934 30580.9 2.09364
3226.5 2783.38 0.0748897 22.5017 43.6874 1.32963e-07 15.1733 2.38957 28452.1 2.20706
3167.89 2688.35 0.0816676 17.9946 36.0642 5.82076e-08 3.46965 2.20613 27848.5 2.80304
3218.63 2778.87 0.0763108 27.5397 53.5375 1.69801e-07 10.1908 2.38081 26238.4 2.60647
3030.67 2453.54 0.074916 22.6261 49.03 8.28151e-08 -16.7132 1.7941 24951.3 2.55935
2924.01 2260.93 0.0836679 31.6406 72.0636 3.10014e-07 -23.7059 1.39273 24464.5 2.09721
2919.05 2247.27 0.0780255 36.0438 82.8416 5.0234e-07 -24.6083 1.39585 29698.1 2.52201
2971.37 2337.44 0.0783226 28.9505 65.5854 4.97752e-07 -19.6552 1.611 30702 2.7685
2809.27 2043.1 0.0852644 28.965 69.1378 2.52756e-07 -31.0006 1.03309 25874.9 2.895
2750.69 1936.74 0.0864112 11.4025 25.8666 1.03913e-08 -31.1225 0.86033 29021.6 2.13828
2733.39 1899.94 0.0906022 32.1907 74.1841 3.35008e-08 -30.5057 0.799497 28496.2 2.26941
2791.95 2000.89 0.0856706 55.9242 128.533 5.51323e-08 -28.2042 0.999784 29214 2.83395
2741.92 1903.03 0.0926554 28.3329 67.5279 3.61462e-08 -30.9962 0.819187 29790.1 2.68493
2731.59 1876.63 0.0962668 18.7208 48.1021 3.78982e-08 -31.4622 0.79676 28490 2.06356
2755.76 1903.97 0.0983741 33.0156 81.8959 2.11379e-08 -29.9178 0.864109 26130.7 2.2887
2895.15 2171.96 0.0865758 28.4837 68.0173 2.73636e-08 -23.133 1.41962 28550.9 2.65228
2927.91 2227.93 0.0833713 39.5076 89.5154 1.17871e-06 -22.3539 1.60601 29590.7 2.59404
3154.42 2646.35 0.0832617 21.9122 45.6087 7.85314e-07 4.17983 2.92622 22635.4 2.22565
3219.97 2767.79 0.0790283 40.393 80.582 1.3694e-06 23.0369 3.29969 27217.1 2.53241
3262.75 2852.6 0.0871582 14.1297 27.4163 5.95011e-07 44.4072 3.86719 25303.5 3.02474
3310.18 2943.48 0.0886549 15.0056 27.5542 7.25862e-07 66.0298 3.73331 26318.9 2.78147
3281.25 2891.12 0.0937349 14.9913 30.9167 2.90121e-07 56.6898 3.70956 30625.2 2.45706
3386.77 3093.48 0.0965695 17.7349 33.1257 4.12939e-07 91.621 3.22145 29913.5 2.13552
3295.14 2934.4 0.10198 9.58433 18.2251 1.41184e-07 63.707 3.54106 30539.9 2.52339
3245.77 2841.03 0.0979664 26.888 52.8408 4.09925e-07 50.9091 3.51814 30712.9 3.00806
3198.98 2748.03 0.0983522 40.6312 83.4427 7.1396e-07 37.1088 3.67909 29646.3 2.62803
3059.35 2489.2 0.0996721 49.4755 107.592 8.77839e-07 7.60179 2.86197 25961 2.04165
3020.74 2415.14 0.0967213 25.0986 55.1806 4.93476e-07 -2.08448 2.72639 30882.3 2.58306
3125.04 2619.09 0.100438 27.0942 57.786 3.96985e-07 21.8856 3.41067 30152.1 2.79845
3033.44 2433.84 0.0953719 36.86 81.7827 4.98265e-07 -20.794 3.24188 20407 2.61539
3239.78 2823.17 0.103326 14.8899 29.3686 3.37935e-07 173.429 8.87521 21822.4 2.18371
3347.73 3043.5 0.104025 38.9236 72.4715 1.17555e-06 134.65 4.141 23984.3 2.36381
3360.64 3071.51 0.101134 6.93154 12.8081 1.92182e-07 148.541 3.82803 20415.1 3.05273
3445.71 3261.58 0.110841 7.8813 12.5562 3.20177e-07 140.61 2.80054 18225.3 2.83686
3573.45 3510.42 0.110069 5.53227 7.36442 3.29252e-07 116.021 1.94566 25876.3 2.47129
3673.01 3757.37 0.119609 2.63214 2.29665 1.71992e-07 82.9982 1.36906 22191.2 2.07481
3695.8 3805.56 0.101566 5.30082 4.13035 2.92723e-07 62.9287 1.28776 17363.4 2.73526
3676.52 3760.12 0.10229 7.77913 12.3646 1.93514e-08 61.9254 1.38854 28268.1 2.88118
3732.97 3873.48 0.107965 3.49015 4.80679 2.13122e-08 61.3982 1.15196 32650.3 2.6918
3819.04 4040.2 0.113092 2.35652 2.2423 1.50767e-09 58.0368 0.826535 29672.1 2.01838
3854.5 4106.12 0.112889 1.44636 1.10807 1.17276e-08 58.5668 0.715169 32680.7 2.57979
3919.88 4232.22 0.121823 1.64476 0.555044 3.54345e-08 60.2973 0.493426 31932.2 2.88975
3947.57 4281.14 0.125298 0.55828 0.0789978 6.79543e-09 60.6241 0.427196 31433.6 3.01746
3929.29 4239.63 0.121645 1.36737 1.68112 3.10249e-07 59.0665 0.487314 32076.5 2.87367
3976.45 4332.31 0.121853 1.19974 0.437174 4.3441e-08 60.2763 0.349832 32450.5 2.00258
4023.14 4421 0.122363 0.49255 0.0331981 3.39444e-10 61.8129 0.209367 27330.2 2.37973
4029.07 4426.62 0.113757 0.113491 0.00550402 1.24699e-09 62.9416 0.204731 29203.1 2.67152
4035.69 4456.69 0.107162 0.557539 0.00803526 6.65771e-08 67.5555 0.166105 22478 2.7867
4043.06 4466.57 0.107498 0.194867 0.000145215 1.72376e-08 68.5639 0.149581 26859.6 2.12621
4033.38 4458.98 0.104022 0.234634 0.0016139 3.35033e-08 69.7376 0.169751 27730.5 2.28679
4018.56 4448.52 0.103143 0.986657 0.0253247 7.93333e-08 72.0113 0.193072 21740.2 2.93539
3981.52 4356.62 0.100798 0.88534 0.27525 5.20263e-08 71.4961 0.331228 22816.9 2.82284
3983.14 4374.63 0.103218 0.86873 0.244566 1.16087e-07 72.4497 0.303787 28008.5 2.21164
3913.27 4277.11 0.106652 0.710871 0.393871 8.62514e-08 73.3828 0.46409 24132.9 2.26347
3955.48 4402.11 0.141951 1.33892 0.285031 1.78945e-07 73.4604 0.291356 10393.1 2.78054
3847.16 4155.25 0.137139 2.68129 3.02279 1.80981e-07 69.2473 0.631857 21677.2 2.89714
3697.54 3869.56 0.136095 2.15334 3.91609 4.26229e-08 64.9777 1.17694 21464.9 2.76916
3596.77 3665.07 0.140955 8.01231 16.8071 5.73946e-08 64.0534 1.66965 24642.5 2.53649
3616.82 3716.88 0.145271 4.32286 8.32562 6.82309e-08 66.841 1.53226 27655.7 2.10777
3399.11 3294.85 0.146713 5.90028 14.0711 3.27388e-08 68.4615 3.17568 25405.9 2.77755
3332.91 3163.41 0.13977 16.0316 40.5904 1.69731e-08 69.9176 4.14627 31358.6 2.87499
3286.33 3070.71 0.147427 19.8175 50.1781 2.86325e-09 88.959 5.25089 28950.1 2.77768
3064.81 2640.68 0.141706 20.3392 55.5592 2.66922e-10 -121.077 3.21959 24075.6 1.98989
2909.95 2343.39 0.129655 23.9969 68.7974 9.32297e-10 -117.541 1.91655 26238.1 2.49389
2944.5 2411.02 0.135361 50.0652 139.552 7.71075e-11 -117.123 2.13255 27147 2.69044
2713.13 1964.9 0.130344 32.1145 93.447 3.0292e-10 -111.073 0.952922 25392.5 2.48451
2668.31 1880.32 0.126281 40.6029 146.419 5.08368e-07 -112.465 0.788101 28410.6 2.14915
2668.08 1872.02 0.124885 41.9165 154.486 4.26505e-07 -113.062 0.777339 26471.6 2.64641
