meanPX meanPY meanPZ varPX varPY varPZ meanAngle angleStdev NEFF elapsedTime
2340.73 2409.06 0.167133 0.149396 1.21492 1.14224e-08 7.93698 7.98699 13386 2.3745
2281.29 2420.5 0.162505 0.0195045 0.541451 9.22364e-09 46.4181 10.2501 14336.6 2.77763
2177.18 2613.93 0.163962 0.0148235 0.164286 4.72054e-08 -9.59571 7.91457 11835.3 3.06961
2167.71 2696.83 0.164062 8.68817 1.20672 4.46845e-12 -80.7565 7.68396 17131.4 3.1315
2205.1 2933.72 0.165347 15.2268 0.107108 7.97687e-09 -61.286 5.21438 16936 2.88432
2289.99 3213.98 0.171116 6.71277 65.0463 7.92536e-08 -48.3787 4.39476 16113.9 1.95847
2352.5 3324.22 0.177806 35.7984 1.23384 1.61363e-07 -42.5641 3.663 22650.9 2.54255
2426.84 3461.63 0.187246 31.8587 2.63444 1.31901e-07 -42.223 3.14349 23601.6 3.0023
2427.85 3455.28 0.188462 36.0157 2.7392 1.02799e-07 -46.5852 3.05305 30276.4 2.84435
2483.01 3522.29 0.195676 30.8764 2.94285 1.6669e-07 -44.3324 2.78935 31977.3 2.22222
2527.7 3529.83 0.192687 30.6566 2.79159 1.2492e-07 -41.6223 2.53156 30666.5 2.33835
2565.24 3409.64 0.186751 14.2252 0.599834 2.84392e-08 -79.0267 2.7466 27039.7 3.06435
2558.11 3396.3 0.18236 0.179962 16.9835 4.63537e-09 -57.6196 2.68381 25334.1 3.25653
2658.01 3468.47 0.182816 0.00747116 12.0402 1.87782e-09 -66.7203 2.96614 29461 2.81722
2719.57 3462.92 0.180865 2.2148 7.3973e-05 1.74976e-08 -77.9276 2.99661 29202.9 2.48212
2670.18 3462.72 0.179865 3.49052 0.00487621 7.65715e-11 -68.968 2.24473 31455.2 2.21422
2728.32 3596.97 0.183782 2.76864 0.458925 2.63899e-09 -67.8624 2.16391 31805.8 2.85713
2698.91 3669.67 0.184567 1.09498 0.332489 3.20274e-10 -53.4762 1.56566 32982.4 2.8252
2740.92 3716.69 0.190206 2.86094 1.6329 3.71143e-08 -60.8402 1.62454 33894.8 2.6743
2719.11 3763.68 0.191728 2.79402 2.15558 9.96395e-09 -65.5709 1.28049 34511.4 2.10751
2746.07 3880.53 0.210494 2.4761 3.94956 5.5729e-12 -59.439 1.05526 29418 2.68111
2742.99 3902.66 0.220655 0.704471 1.17445 1.13743e-10 -60.5926 0.915653 31234.2 2.71
2751.39 3910.83 0.236329 3.06182 3.76757 6.44325e-08 -66.6677 0.901331 26252.4 2.1722
2746.31 3896.52 0.241324 3.63567 5.03854 2.09349e-08 -69.7157 0.835163 29939 2.2751
2724.68 3878.72 0.243528 1.65481 2.65694 1.11199e-08 -72.1343 0.711016 35026.1 2.59626
2785.52 3872.62 0.248006 1.94965 2.30337 3.16966e-09 -74.2527 1.09365 32102.8 2.69305
2755.11 3843.08 0.256377 6.45801 11.0152 9.6715e-10 -77.4444 0.907121 30679.9 2.47516
2754.18 3827.38 0.258662 2.41191 4.35961 1.10008e-09 -83.5948 0.893388 31553.6 2.25672
2750.6 3724.15 0.273008 1.04447 2.85001 6.57812e-10 -90.5505 1.05712 22255.3 2.62428
2706.13 3713.94 0.276867 1.30763 4.22145 5.22168e-08 -91.4341 0.698144 25129.7 2.82452
2710.38 3620.48 0.27653 1.50975 9.157 1.39137e-08 -98.8476 0.911224 24945.7 2.66688
2649.24 3514.98 0.283543 0.648759 8.18563 2.81121e-08 -106.005 0.671043 23004.8 2.58597
2637.67 3216.28 0.280626 1.08154 26.5838 3.81282e-08 -129.271 1.37401 21015.5 2.30323
2366.11 2295.52 0.266604 0.00422867 67.8893 1.80776e-07 -176.812 1.30073 13074.5 2.27971
2220.79 1828.9 0.263328 0.170359 86.5172 2.01731e-07 161.309 1.01235 17834 2.63896
2023.02 1264.32 0.271271 1.47246 141.438 2.68976e-07 155.202 0.573299 18503.4 3.0169
1967.36 1094.9 0.267809 27.4331 124.226 3.41349e-08 150.82 0.480124 22766.8 2.89873
1919.38 1056.46 0.277325 47.0326 203.519 2.53878e-07 143.435 0.447502 19501.9 2.07184
1918.85 1070.64 0.275436 34.3433 146.693 1.35979e-07 142.673 0.540811 24611.3 2.62176
1932.74 1155.82 0.272228 63.9171 266.069 1.51731e-07 137.895 0.584219 24295.5 2.92446
2000.33 1399.39 0.273885 76.7411 301.321 1.24025e-07 136.917 0.708037 22504.8 3.05754
2124.02 1862.65 0.279011 36.5936 125.514 4.79441e-08 136.703 0.931095 20027.9 2.00604
2338.46 2636.88 0.281288 32.356 79.1987 7.96391e-08 152.356 1.65785 19008.7 2.58136
2389.53 2847.14 0.288125 9.53922 18.7926 6.05148e-08 157.181 1.81811 25130.3 2.89963
2332.24 2754.26 0.286886 16.9332 34.1499 9.66664e-08 -175.52 1.79997 24421.3 3.08391
2323.58 2818.66 0.281067 42.0143 80.1585 9.33288e-08 -149.844 1.40043 22998.7 2.81837
2393.65 3075.13 0.268911 16.1645 25.6155 2.0197e-08 -125.489 0.88861 21399.6 2.26375
2434.58 3149.11 0.256272 11.7164 18.0385 1.47796e-08 -111.073 0.754191 20453.9 2.39871
2488.34 3167.4 0.246485 25.6474 42.478 2.31238e-08 -109.644 1.03779 22875.6 2.79569
2553.75 3321.89 0.241831 5.24459 7.88232 1.58803e-09 -99.75 0.827312 23827.1 3.03421
2555.34 3160.27 0.236264 5.20335 9.93444 1.3799e-10 -115.844 1.39655 21742.7 2.94401
2629.77 3228.21 0.22088 0.103993 2.25074 1.07332e-07 -119.178 1.63126 25398.7 2.26792
2622.52 3141.49 0.221489 0.0488478 3.39241 1.93943e-07 -124.908 1.90456 24799.1 2.27869
2515.89 3090.59 0.234732 0.110798 4.49125 2.9526e-07 -131.428 1.27094 28176.9 2.999
2436.59 2977.74 0.241927 0.461591 5.6553 2.25747e-07 -140.818 1.12751 30078.9 2.99386
2494.87 3165.34 0.219938 0.173201 1.8344 1.93139e-07 -135.503 0.772415 27013.6 2.8201
2454.74 3140.81 0.238822 0.354871 1.73384 2.44886e-07 -137.43 0.557051 26714.2 2.89411
2430.77 3091.98 0.243767 0.232573 1.38981 1.23475e-07 -137.656 0.608043 27487 2.00218
2416.8 3116.68 0.27027 0.424327 2.04932 1.28264e-07 -133.514 0.468069 22700.8 2.72317
2422.91 3145.28 0.268072 0.144053 0.738938 2.84394e-08 -131.853 0.415028 25590.2 2.82715
2430.08 3173.72 0.276398 0.104851 0.417598 9.77149e-08 -131.013 0.381139 27207.9 2.3461
2451.15 3169.47 0.274893 0.102889 0.565313 1.80067e-07 -126.19 0.448627 19610.6 2.20085
2510.45 3210.34 0.275696 0.00766572 0.796624 5.71217e-07 -122.224 0.508743 22728.3 2.87592
2448.61 3137.97 0.300389 0.0649255 1.02548 5.34639e-07 -122.263 0.41939 26136 2.92277
2349.58 2900.8 0.323183 0.1967 2.2065 9.39015e-08 -126.615 0.808524 23020.4 2.49817
2219.06 2560.15 0.352188 0.462877 4.74341 1.14218e-07 -144.43 1.4394 19775.4 2.09878
2282.35 2558.33 0.340159 0.222231 4.64534 7.05845e-08 -146.121 1.80753 19656.4 2.55882
2159.72 2255.71 0.374637 2.95095 25.9662 2.87769e-07 -179.042 2.20488 18743.9 2.86941
1796.87 1681.64 0.437193 9.22883 44.6705 3.77363e-07 145.672 1.17087 21326.2 3.01812
1647.34 1453.11 0.455129 6.24308 26.7117 2.2999e-07 131.155 0.81645 23844 2.44273
1700.74 1544.52 0.446781 4.69916 19.9043 2.03822e-07 126.971 0.945964 30184.8 2.45718
1603.8 1477.47 0.466367 8.51911 47.4751 2.07603e-06 125.883 0.804307 23240.8 2.9584
1552.7 1420.62 0.48705 16.5622 88.8806 3.57581e-06 119.815 0.682699 30389.5 2.9683
1422.41 1282.44 0.511795 5.28153 24.9585 9.37285e-07 114.67 0.468563 30278.2 2.32115
1385.09 1257.3 0.517387 34.8015 84.6992 1.42696e-06 111.807 0.410393 30134.1 2.28419
1757.23 1862.03 0.452218 26.9095 63.5315 1.35667e-06 130.273 1.12018 19636.9 3.05744
2077.47 2428.2 0.408556 3.40993 6.59546 2.4034e-07 162.614 1.38419 11242.6 3.04862
2221.93 2672.86 0.379968 1.73793 2.89805 9.04543e-08 176.567 1.41713 20607 2.60397
2339.93 2829.41 0.368684 0.613929 0.856207 3.31762e-08 -175.612 1.54622 25477.8 2.16035
2659.84 3339.14 0.342301 0.222612 0.888866 7.49103e-09 -153.5 0.630689 13670.2 2.96749
2683.53 3417.98 0.350086 0.402582 2.21212 1.03919e-07 -151.331 0.514614 20623.7 2.92076
2916.27 3674.5 0.346532 2.26444 5.41536 6.74409e-08 -138.022 0.431604 18068.4 2.9704
2922.69 3699.94 0.349361 4.14011 9.80979 1.39346e-07 -125.864 0.422673 30115.3 2.91736
3019.61 3778.26 0.346168 1.99679 3.81311 7.08028e-08 -117.531 0.505009 23615.6 2.06144
3275.02 3970.78 0.328122 2.94808 4.19873 2.27509e-08 -102.962 0.48687 26355.4 2.57531
3601.15 4208.95 0.28735 14.1236 15.8839 8.06115e-08 -87.2762 0.337431 23499.9 2.91738
3672.6 4254.88 0.275206 36.9683 40.7612 1.4847e-07 -81.0679 0.31817 25272.2 2.39427
3787.45 4327.01 0.262423 48.3097 50.6649 3.33673e-07 -67.8121 0.300105 12002.2 2.17693
3958.37 4446.44 0.252917 38.7129 38.2776 3.11887e-07 -59.9454 0.178249 13478.4 2.68924
4029.62 4483.95 0.247835 33.6233 33.0993 2.54902e-07 -50.3691 0.145896 14894 2.8511
4082.5 4497.88 0.258798 18.8316 18.5259 1.33558e-07 -45.3291 0.0798948 15390.9 3.03435
4097.6 4494.21 0.255665 24.6529 13.5222 2.57964e-07 -46.2225 0.0667138 25740.7 2.27778
4118.07 4497.87 0.262022 37.2453 25.7546 5.40011e-08 -51.8908 0.0555528 32612.3 2.22806
4126.89 4501.95 0.258238 35.9029 25.212 1.65247e-07 -51.46 0.0989938 30172.8 2.75196
4117.1 4504.89 0.253465 111.827 80.2983 7.97335e-07 -43.9738 0.158869 26824.1 2.9467
4124.68 4509.79 0.242204 54.9297 39.7307 5.67656e-07 -55.3115 0.18929 26527.4 2.86666
4117.6 4499.67 0.237495 54.6924 41.067 7.50985e-07 -67.5261 0.151173 26208.1 2.72055
4128.28 4493.73 0.227535 28.2295 21.4338 4.91665e-07 -71.4886 0.0915855 25088.7 2.09175
4125.67 4499.64 0.205137 0.276014 0.275666 1.63827e-07 -77.1211 0.0914078 27277.3 2.51304
4121.13 4489.67 0.193487 0.125037 0.114101 3.18014e-08 -83.3028 0.0946518 26791.4 2.60062
4116.32 4492.18 0.185164 0.220796 0.207133 2.69719e-08 -86.6069 0.106663 27412.5 2.31403
4124.29 4494.15 0.177083 0.248612 0.182709 3.70491e-09 -86.5159 0.101077 26642.8 2.29585
4124.77 4483.33 0.189752 0.41971 0.299704 4.40407e-09 -89.7752 0.0907065 31365.5 2.85034
4114.49 4485.73 0.173507 0.0837715 0.0541771 1.97721e-09 -93.6424 0.0902797 28010.6 2.93909
4120.01 4475.57 0.179802 0.298248 0.574384 1.21565e-07 -92.7157 0.0759105 28178.6 2.96709
4119 4467.09 0.181904 0.680024 1.2947 1.44436e-07 -91.5237 0.0736903 28646.4 2.75016
4113.02 4462.64 0.177018 0.256358 0.466951 9.32311e-08 -90.2511 0.0729764 30712.9 2.1168
4111.88 4458.29 0.178755 0.779481 1.43868 3.66561e-07 -89.9433 0.0656567 27988.5 2.62211
4121.63 4442.02 0.181521 0.37364 0.65065 2.12935e-07 -91.8457 0.0693243 30869.9 2.71265
4113.61 4450.48 0.174845 0.23997 0.417145 1.00414e-07 -88.9888 0.0747772 29157.8 2.76802
4119.59 4431.71 0.185875 0.33064 0.612179 6.08459e-08 -91.15 0.0831942 25816.3 2.116
4106.56 4439.33 0.17158 0.0477278 0.308062 2.28963e-07 -90.9787 0.0796183 25858 2.72087
4101.34 4428.3 0.168806 0.0416425 0.487727 2.55289e-07 -92.261 0.0759687 21757.2 2.95913
4102.11 4430.86 0.164553 0.0151349 0.297531 2.55924e-07 -91.0024 0.0812993 25174.4 2.82406
4097.43 4422.31 0.167367 0.00623697 0.177326 1.09985e-07 -92.1244 0.0925279 22579 2.14901
4089.98 4421.66 0.159717 0.0275716 0.509404 4.33626e-07 -95.5737 0.0884834 19698.4 2.43523
4102.11 4388.82 0.184773 0.00146553 0.228231 1.23027e-07 -98.6382 0.085048 19776.3 3.0124
4082.9 4420.92 0.147003 0.045115 0.874395 6.6598e-07 -98.4862 0.122237 16587.6 2.94512
4078.34 4412.94 0.142362 0.0830664 1.09878 1.01378e-06 -102.825 0.121882 21938.9 3.11108
4067.16 4419.39 0.135891 0.076598 0.803347 7.37664e-07 -102.614 0.137749 21247.8 2.68099
4065.47 4424.2 0.120892 0.17274 1.49028 1.32599e-06 -104.347 0.17756 15309.8 2.25822
4049.11 4435.78 0.110425 0.202583 1.53773 1.20383e-06 -110.789 0.230108 16726.4 2.84657
4038.63 4439.51 0.107884 0.0240379 1.52657e-07 1.95682e-08 -115.49 0.268208 20009.9 2.97539
4021.69 4448.17 0.101197 0.0936339 0.00732696 1.22269e-08 -123.107 0.342459 18762.5 2.74796
3996.04 4457.38 0.111634 0.362835 0.031455 3.94546e-08 -136.478 0.4039 21174.3 2.59971
3986.1 4462.36 0.113484 0.312945 0.0910048 1.02986e-07 -145.316 0.427164 20740 2.0875
3958.91 4465.25 0.114416 0.793806 0.287919 2.21417e-07 -156.781 0.484731 19861.6 2.60299
3959.01 4463.07 0.11798 0.507668 0.177621 1.08894e-07 -158.68 0.465581 19141.3 2.73846
3979.98 4442.11 0.120211 0.35351 0.144599 9.74316e-08 -156.122 0.393742 21555.2 2.72947
3991.18 4430.59 0.115069 0.245035 0.19069 8.2885e-08 -155.367 0.331429 18102.1 1.98488
4000.71 4429.77 0.114309 0.150937 0.218833 9.14813e-08 -149.553 0.237139 15828.6 2.50622
3984.64 4445.47 0.108633 0.208077 0.371856 9.73206e-08 -153.759 0.245091 18387 2.9117
3986.98 4424.91 0.123756 0.0603637 0.0560044 8.40615e-09 -147.516 0.177603 15749.8 2.76742
3967.07 4416.57 0.138352 0.122338 0.0915527 2.52055e-09 -147.37 0.182726 17415.5 2.19493
3951.35 4405.19 0.155882 0.137346 0.067532 4.61111e-10 -147.798 0.159836 17003 2.34653
3927.32 4419.41 0.147801 0.129527 0.129814 8.35773e-09 -154.06 0.182078 22005 3.14537
3943.97 4313.21 0.166614 0.0499268 0.187516 7.55136e-08 -150.837 0.200405 18266.4 2.81518
3960.34 4300.17 0.154735 0.000128334 0.108831 2.49468e-08 -151.78 0.243375 20234.9 2.26596
3975.21 4242.99 0.159667 0.0010345 0.679091 8.86182e-08 -149.931 0.213768 20384 2.36864
4020.17 4176.36 0.151627 0.0122044 0.523128 2.86686e-07 -148.162 0.213323 15441.8 3.22264
4023.38 4151.53 0.158594 0.0751853 0.974378 1.92862e-07 -150.468 0.188264 24671 2.94297
4022.7 4139.88 0.162825 0.0869831 1.02513 1.08728e-07 -153.116 0.173347 26863.8 2.54995
3997.11 4228.06 0.144598 0.168494 0.69656 5.73909e-08 -166.72 0.268201 24355.2 2.16517
3973.77 4305.53 0.128439 0.480458 0.665902 9.68424e-08 178.716 0.321917 23502.3 2.88088
3927.93 4455.89 0.0983789 0.805802 0.00233218 5.12494e-08 156.845 0.303293 17849.8 2.9145
3903.29 4524.7 0.0886076 0.972431 0.0905957 6.96277e-08 142.865 0.241724 21077.4 2.1996
3892.55 4569.48 0.0885654 0.425288 0.0963982 3.01466e-08 140.468 0.177428 20670.5 2.26306
3889.02 4595.25 0.0812154 0.751609 0.0983484 3.05108e-08 139.402 0.137733 27525 2.69053
3887.23 4603.3 0.0807632 1.06741 0.188804 6.20922e-08 135.947 0.128325 32305.6 2.92611
3879.89 4621.16 0.0751051 1.1094 0.212219 5.78922e-08 132.849 0.103793 28134.7 2.39613
3883.34 4620.63 0.0768553 1.5735 0.363142 1.23919e-07 127.849 0.100348 30986.8 2.2826
3877.21 4627.06 0.079827 1.35546 0.332627 7.47484e-08 120.809 0.0948626 30401.6 3.03088
3873.31 4629.59 0.0764625 0.739731 0.163297 4.13138e-08 116.227 0.0890835 33851.3 2.59133
3874.24 4627.64 0.0828579 1.51472 0.299781 1.81253e-10 112.03 0.0974751 31724.3 2.04235
3879.21 4624.46 0.0865609 1.16083 0.210128 5.36418e-09 107.257 0.102873 30521.9 2.56997
3869.31 4632.92 0.0838465 1.50567 0.307549 7.62042e-10 99.9254 0.0877392 34337.2 2.81352
3873.93 4628.93 0.0856346 1.8287 0.298047 6.68377e-09 98.6499 0.0939554 31421.5 2.96508
3880.58 4623.93 0.0910746 1.12841 0.170068 5.41606e-09 98.5048 0.107837 31995.7 2.23245
3879.73 4625.56 0.0916176 1.64404 0.278877 9.04244e-09 96.7104 0.107014 32208.9 2.28441
3888.2 4619.05 0.0948996 0.976184 0.119669 2.78487e-09 96.5363 0.126734 32110.5 2.79474
3884.69 4627.36 0.0976693 0.579183 0.0622243 1.23923e-08 98.2147 0.117926 29200.4 2.87743
3900.24 4618.98 0.0948923 0.585348 0.137395 1.18159e-08 100.484 0.14046 27905.6 2.29895
3892.3 4624.49 0.0994907 0.831066 0.212438 8.67882e-09 101.843 0.145012 29994.3 2.22535
3892.33 4622.76 0.102255 1.27144 0.294338 9.2228e-08 104.254 0.150669 30277.1 2.72574
3879.99 4636.73 0.105115 0.86371 0.210131 3.007e-08 101.866 0.142943 30813.9 2.72628
3872.99 4640.51 0.110138 0.541625 0.103613 4.1403e-08 106.171 0.128068 27042.1 2.33511
3876.36 4636.49 0.0981327 0.645204 0.104916 1.3706e-07 107.519 0.152215 28350.4 2.28557
3870.16 4642.41 0.109745 0.541721 0.0829481 9.27457e-08 110.66 0.1421 26784.2 2.66295
3879.87 4626.9 0.0931829 0.292352 0.0302577 7.18202e-08 111.3 0.182511 24113.7 2.90225
3879.94 4625.84 0.0996016 0.376061 0.0316647 9.36393e-10 115.126 0.188731 27608.4 2.70274
3888.47 4613.59 0.0991724 0.44183 0.0268363 4.23369e-09 121.064 0.234319 24731.7 2.10457
3884.43 4610.77 0.0967464 0.495076 0.0239657 1.43753e-09 122.291 0.253884 30132 2.76785
3877.08 4606.58 0.106879 0.134389 0.00959209 6.6828e-09 128.254 0.278544 25713.8 2.85894
3878.65 4604.57 0.0992834 0.675585 0.0481601 5.86999e-08 129.049 0.28579 30565.4 2.62616
3880.37 4595.22 0.10459 0.165738 0.00383259 4.1398e-09 133.445 0.33628 29918.4 2.22258
3880.57 4590.86 0.107325 0.445471 0.0681389 7.3017e-09 135.234 0.417682 29960.7 2.53801
3878.3 4580.36 0.106476 0.736622 0.0305558 1.01856e-08 141.034 0.464554 30709.3 2.64904
3881.76 4574.34 0.114443 1.3135 0.0498164 4.85324e-11 142.051 0.457322 30758.1 2.71536
3872.14 4562.73 0.116332 0.93609 0.0178316 4.23676e-10 150.294 0.507494 27919.9 2.11142
3870.51 4555.52 0.119287 0.552505 0.00047365 7.89869e-10 151.572 0.531501 30699.2 2.40533
3867 4548.26 0.119895 1.49283 0.00062252 1.78636e-08 154.675 0.523372 31749.6 2.65583
3866.02 4524.77 0.12677 1.18949 0.0120462 4.95944e-09 162.867 0.622979 29636.4 2.32218
3865.69 4514.91 0.126698 0.550924 0.0149935 1.51086e-09 162.184 0.610683 27400.2 2.12063
3865.27 4502.34 0.134964 0.552086 0.0304892 2.61136e-09 163.968 0.534032 27708.6 2.8084
3847.32 4472.37 0.142341 1.00021 0.102786 2.55234e-08 -179.572 0.547784 25555.7 2.90738
3868.12 4511.63 0.117959 0.61862 0.0146757 1.96799e-10 153.54 0.634946 24751.5 2.65392
3876.9 4512.3 0.116855 0.596348 0.0250056 3.56512e-09 150.948 0.631078 23814.3 2.3078
3912.8 4523.7 0.114402 0.93789 0.0275458 2.04762e-08 135.966 0.466259 19995.1 2.31018
3922.67 4519.41 0.110163 0.296848 0.00882912 2.84631e-09 134.401 0.482917 24874.7 2.71957
3929.87 4514.49 0.10942 0.422008 0.0189471 3.57475e-08 128.844 0.466242 23043 2.69163
3967.38 4527.54 0.107006 0.234422 0.00076543 5.58258e-09 104.584 0.382459 23368.2 2.01097
3970.19 4529.09 0.113497 0.140157 0.00132816 1.44284e-08 76.6257 0.356327 22025.2 2.53698
3977.42 4540.44 0.102211 0.277508 0.00285803 9.58314e-08 56.1221 0.313327 21553.2 2.81647
3989.7 4540.35 0.107189 0.171339 0.00763142 1.55394e-07 56.8869 0.287934 30901.3 2.45266
4004.05 4538.72 0.105616 0.127581 0.00451621 1.68076e-07 53.6044 0.265178 29230.1 2.0541
4017.56 4537.19 0.114613 0.0301838 0.000333884 1.24725e-07 52.1189 0.239767 32818.2 2.62258
4022.31 4538.71 0.113911 0.0242769 0.00280924 1.34395e-07 49.8233 0.236721 30707.9 2.79925
4017.12 4544.68 0.112446 0.0276504 0.000574217 7.61415e-09 47.4845 0.266539 33113.9 2.60942
4030.11 4545.94 0.116413 0.0129809 9.53506e-05 2.79508e-09 50.3835 0.241181 32346 2.21533
4035.14 4543.63 0.116643 0.0110582 2.86692e-05 8.85447e-09 53.5511 0.216963 29296.3 2.96695
4036.57 4544.38 0.118109 0.0256358 0.00285307 4.2471e-08 54.8139 0.203078 30734.8 2.87849
4034.22 4546.5 0.115218 0.0188245 0.000611394 3.26203e-09 55.4759 0.206417 31941.1 2.77204
4042.15 4547.83 0.114257 0.015614 0.000200651 8.9461e-10 58.2942 0.18939 30179.8 2.15336
4041.36 4552.72 0.105477 0.00586482 0.000278868 9.79056e-09 60.988 0.167923 23602.3 2.7488
4038.17 4555.67 0.102144 0.0242084 2.96905e-05 5.1568e-08 61.6283 0.179342 28570.6 2.79391
4042.84 4558.18 0.0983149 0.00976386 0.00078617 1.27774e-08 62.9748 0.156202 26993.1 2.3789
4032.55 4563.4 0.0913568 0.00344727 0.0448484 7.43321e-10 65.6393 0.184787 20161.2 2.22071
4030.77 4562.07 0.0901861 0.00353366 0.00622348 7.67102e-09 65.6691 0.210877 18761.4 2.99087
4018.93 4563.56 0.0900372 9.40882e-06 0.00309574 9.10752e-10 66.9247 0.244939 25762.4 2.77731
4020.85 4569.13 0.0982812 0.00399699 0.0155247 1.17567e-10 67.9747 0.200011 19754.3 2.57706
4023.01 4586.24 0.115793 0.0170347 0.0361869 1.029e-08 65.8116 0.169167 19143.7 2.19021
4015.59 4564.64 0.116392 0.00421823 0.0393551 4.59277e-13 64.4183 0.224149 29080.6 2.90179
4021.48 4566.38 0.126883 0.0129131 0.0252825 2.28821e-09 60.9862 0.198474 28564.2 2.78567
4028.25 4551.28 0.136088 0.00417682 0.00925566 1.04074e-09 60.6318 0.193373 26630.4 2.87473
4023.69 4557.38 0.147142 0.000851898 0.000203654 4.00645e-08 63.6896 0.169238 25380.6 2.0679
4018.1 4553.78 0.144488 0.00278784 0.00138793 2.03295e-07 60.4006 0.183657 25247.6 2.80393
4019.07 4543.56 0.153904 0.000224315 0.00100104 1.54378e-07 63.9973 0.187849 32346.3 2.88703
4020.79 4543.56 0.157883 0.000148028 0.000425224 1.21474e-07 70.8043 0.174316 35163.3 2.68244
4011.42 4542.25 0.167837 0.00263656 0.000549485 1.13576e-07 65.3968 0.240171 30465.5 2.16024
4013.22 4541.77 0.170407 0.00311184 0.000250081 2.22167e-07 66.5147 0.164961 34322 2.94637
4015.83 4551.6 0.185447 0.00321245 0.000187872 2.03947e-07 69.5825 0.166217 28327.8 2.81431
4018.24 4536.44 0.190379 0.00805973 2.07408e-05 2.55489e-07 73.5068 0.157643 36693.5 2.67026
4017.78 4527.02 0.190511 0.0128704 0.000849399 2.2048e-07 71.6813 0.179731 34541 2.13673
4006.79 4531.9 0.196523 0.0131371 0.000458861 1.13626e-07 72.9969 0.179786 34001.7 2.86333
