meanPX meanPY meanPZ varPX varPY varPZ meanAngle angleStdev NEFF elapsedTime
2412.93 2383.44 0.870267 3.0782 4.77089 4.32854e-09 -87.6864 3.23119 4039.15 3.2275
2414.64 2304.96 0.870623 3.05409 5.21478 8.19074e-09 -70.3999 3.00522 11555.5 2.87336
2401.61 2248.53 0.868009 9.12185 18.1562 1.18961e-08 -55.6247 2.90916 12453.8 2.64228
2440.09 2236.27 0.867098 3.66853 5.38489 7.71274e-09 -45.1972 2.40491 20697.1 2.50414
2462.4 2203.27 0.866004 4.21329 5.10796 8.24078e-09 -34.1673 2.31308 22423.9 2.75327
2594.73 2232.15 0.866284 4.56379 2.97638 7.78819e-09 -26.639 1.73433 20215.1 3.32459
2565.68 2231.38 0.86777 3.1277 1.93862 5.64933e-09 -20.4175 1.4518 24986.5 3.499
2628.14 2238.03 0.86744 3.795 4.90089 2.18491e-08 -21.0706 1.25748 27416.8 3.42381
2728.48 2206.54 0.87039 3.89774 5.32361 8.99717e-08 -30.1009 1.02506 27196.1 3.22535
2799.86 2164.81 0.872808 8.81553 12.5324 2.21521e-07 -32.7219 0.881887 29417 3.22082
2871.06 2152.21 0.886007 4.31957 5.67818 7.75634e-10 -34.4955 0.565008 25441 3.10484
2820.61 2159.07 0.884131 3.72437 6.01973 1.98314e-12 -32.7407 0.628395 25441.4 3.1633
2859.59 2146.9 0.884107 0.319862 10.7371 2.45629e-08 -33.6899 0.453347 23562.5 3.43423
2925.78 2169.98 0.881686 1.99966 0.0089487 6.18667e-08 -39.6031 0.331393 21541.8 3.3729
3022.6 2145.24 0.878272 2.21225 0.000485604 1.889e-07 -52.3048 0.222024 25887.8 3.40396
3114.89 2127.42 0.876414 1.50206 0.00165394 1.78807e-07 -63.1891 0.0966544 19741.8 3.26075
3157.58 2079.72 0.870362 0.20829 0.0346468 9.15115e-08 -72.7674 0.0705266 27825.9 3.58373
3137.29 2073.38 0.861419 0.461826 0.0610671 1.93496e-07 -72.6019 0.056167 27805.6 3.34589
3145.61 2047.07 0.859707 0.186138 0.0015837 1.28151e-08 -81.5763 0.042408 28626.5 3.40393
3159.52 1999.73 0.854172 0.508019 0.00452537 9.68473e-08 -92.8227 0.0293834 30530.7 3.4021
3146.2 1966.62 0.859251 0.402935 0.0109296 1.50884e-08 -92.8488 0.0250671 33804.1 3.40212
3134.44 1924.85 0.869413 0.0764386 0.088728 3.75171e-07 -96.1184 0.0173611 28746.8 3.13014
3126.59 1879.73 0.872133 0.0318668 0.0341989 1.62605e-07 -99.4274 0.0202297 35381.4 3.33902
3114.97 1838.9 0.877682 0.0798528 0.0310716 3.15165e-07 -104.185 0.0199857 33119.8 3.48103
3099.06 1785.07 0.86929 0.0446097 0.00979495 2.16738e-07 -106.278 0.0149655 31400.3 3.41013
3100.81 1733.53 0.885316 0.0156545 0.0516455 1.08919e-07 -108.114 0.0134601 31297.6 3.4759
3103.91 1681.9 0.884967 0.00438861 0.0484738 6.58663e-08 -109.45 0.0116898 26433.7 3.20975
3098.28 1621.96 0.884572 0.000783745 0.0327742 9.7272e-08 -114.347 0.00991504 29144.2 3.07073
3087.42 1560.74 0.889075 0.00197709 0.0401675 1.0059e-07 -117.973 0.0115515 26351.6 2.53317
3080.81 1508.75 0.90539 0.00757089 0.0120633 1.62426e-07 -121.313 0.00897036 29833.1 2.48275
3047.97 1473.82 0.892345 0.000467095 0.0079232 8.39707e-08 -126.747 0.0111592 30549.7 2.39877
3035.3 1416.18 0.914884 0.00321497 0.00125348 6.78368e-08 -132.001 0.0117068 34225 2.85873
3018.61 1341.55 0.929084 0.0265218 0.000504929 1.18679e-07 -140.56 0.0124577 31508.3 3.28655
2998.11 1280.23 0.941561 0.02756 0.00873298 1.27987e-07 -147.87 0.0118682 28785.4 3.32948
2974.84 1240.57 0.939353 0.08597 0.0225293 2.07786e-07 -153.716 0.0121887 29704.6 3.21679
2911.39 1226.66 0.938531 0.053443 0.00369318 4.21742e-08 -151.897 0.0136984 28127.4 2.88548
2902.74 1223.02 0.946834 0.130903 0.0207959 1.81315e-07 -149.013 0.0663956 25876.9 3.14114
2848.9 1182.18 0.960163 0.0556953 0.0212231 4.03554e-08 -155.835 0.0540783 25597.2 2.91501
2848.54 1180.35 0.955986 0.0850463 0.0512146 7.06841e-08 -156.79 0.0955411 24049.2 3.31208
2819.6 1157.81 0.957918 0.057389 0.0521375 8.49155e-08 -164.482 0.0694662 22332.3 2.65217
2771.58 1169.93 0.956682 0.0332827 0.0437316 3.91591e-08 -165.313 0.0456794 23639.7 2.12387
2721.66 1159.84 0.965845 0.0222107 0.0127206 1.54271e-08 -164.607 0.038468 24651.7 2.26225
2656.43 1154.9 0.954106 0.0604935 0.00309541 1.98161e-09 -166.343 0.0411983 27094.9 3.0754
2609.28 1164.56 0.977473 0.0188114 0.00347076 2.17308e-08 -166.541 0.0301735 22958.5 3.15563
2539.45 1164.28 0.987719 0.010996 0.00354892 7.34575e-09 -168.922 0.0410092 23695.2 3.24606
2481.54 1173.86 1.00481 0.000156726 0.00887874 3.5571e-09 -170.972 0.0246987 19717 3.33638
2472.83 1179.02 1.02012 0.0037642 0.0386973 6.19122e-09 177.892 0.0937971 17687.7 3.46085
2406.05 1182.69 1.06033 0.00389254 0.0680973 6.26968e-08 173.112 0.0751993 18836.9 3.24542
2317.81 1167.65 1.07938 0.0169955 0.0978976 1.18724e-07 174.782 0.0516171 24994.6 3.41934
2265 1154.84 1.10063 0.0421387 0.108527 1.57608e-07 169.409 0.0454484 22783.8 3.50137
2196.9 1125.25 1.09565 0.032303 0.0859405 1.2123e-07 156.357 0.0421185 28667.3 3.56521
2137.86 1108.63 1.11099 0.0602857 0.0793277 1.51997e-07 146.976 0.0269029 24060.4 3.34419
2061.8 1128.65 1.12142 0.0980373 0.0806714 6.7682e-08 137.063 0.0118342 17593 3.48703
2038.61 1152.9 1.1144 0.104193 0.00391969 5.15712e-08 135.516 0.00970813 25288.3 3.40763
1987.59 1214.89 1.13204 1.29989 3.20076 9.60225e-09 128.5 0.0133504 27272.2 3.38435
1953.86 1232.56 1.11205 0.0133545 0.115267 5.73414e-08 129.058 0.00768678 25375.7 3.31749
1914.17 1268.3 1.12424 0.0176488 0.123404 1.3291e-07 122.96 0.00744237 29257.4 3.49051
1911.9 1295.59 1.09816 0.020094 0.127754 2.4804e-07 123.501 0.00754459 26197 3.28292
1887.89 1374.8 1.11579 0.00617266 0.0876394 1.45939e-07 124.254 0.00642042 27353.1 3.60172
1864.3 1414.93 1.10061 0.0194293 0.264778 4.58329e-07 124.125 0.00772999 29390.2 3.53427
1823.9 1483.8 1.10202 0.0933288 0.0325728 4.11116e-07 123.637 0.00717328 25946.6 3.32348
1781.81 1499.23 1.07987 0.18979 0.0629201 7.01814e-07 124.532 0.0087576 24972.7 3.44347
1725.21 1539.32 1.08888 0.000121115 0.241829 8.50429e-07 125.139 0.00988138 30024 3.29811
1712.86 1559.68 1.0629 0.0457523 0.318975 5.61704e-07 124.644 0.0102386 20669.6 3.11835
1663.7 1596.59 1.05676 0.0775693 0.538824 8.0232e-07 126.426 0.0108355 24985.4 3.2964
1640.43 1619.25 1.03969 0.0115561 0.261563 1.53806e-07 124.318 0.00988421 22866.7 3.45571
1599.81 1653.63 1.03411 0.0135371 0.313468 2.32069e-07 125.6 0.0134591 28564.5 3.27681
1573.87 1693.27 1.05418 0.0120899 0.278547 1.68821e-07 124.39 0.0182879 32953.6 3.39569
1534.53 1700.54 1.04858 0.0324123 0.737901 3.72843e-07 118.728 0.0161975 27754 3.3007
1481.25 1712.8 1.0229 0.0422674 0.584181 7.27778e-07 113.731 0.0163999 23646.1 3.24799
1439.18 1742.09 1.02817 0.00471273 0.22278 3.42685e-07 110.179 0.0195822 28340.5 3.37453
1416.73 1799.47 1.01874 0.673324 0.00675833 1.12499e-06 100.298 0.0169626 24725.7 3.20636
1431.18 1841.04 1.02031 2.75423 0.0855313 3.99766e-06 95.8556 0.0127308 25780.7 3.42208
1439.99 1883.37 1.00019 2.52998 0.109418 3.08537e-06 89.6841 0.0113202 18991.4 3.16991
1446.77 1915.5 0.974283 10.062 0.454061 9.80997e-06 86.418 0.0157642 28429.9 3.20448
1465.22 1945.75 0.964018 3.16371 0.19882 2.61849e-06 87.1974 0.00941449 27079 3.3114
1485.18 1994.4 0.946865 0.00551015 0.193504 4.69693e-07 87.8097 0.0110732 31903.6 3.20731
1499.49 2026.9 0.945284 0.0472894 0.500429 1.39286e-06 88.4671 0.0103891 31567 3.33074
1499.34 2029.07 0.959874 0.0232366 0.209918 5.8218e-07 88.4921 0.00881157 31237 3.14007
1507.81 2083.18 0.954076 0.0404005 0.00744993 4.55695e-08 88.5018 0.00810379 32225.3 3.19348
1517.17 2104.24 0.965447 2.69929e-05 0.00368979 7.44724e-08 91.3565 0.00763128 31222.2 3.30522
1537.95 2125.97 0.966752 0.00238456 0.0141542 1.64643e-07 95.3167 0.00823003 33577.1 3.39212
1573.1 2149.96 0.987931 0.00287414 0.00196335 4.444e-08 105.302 0.00899355 34507.2 3.24753
1561.95 2185.15 0.990183 0.0273894 0.025266 4.64956e-07 109.653 0.0106985 35837.8 3.25697
1555.06 2189.37 1.00862 0.0110449 0.00560495 2.14133e-07 110.576 0.00965016 35266.1 3.25169
1525.87 2234.59 0.991805 0.0149952 0.0281462 1.37351e-07 110.929 0.0107597 34670.6 3.19183
1507.74 2256.44 0.98422 0.0563699 0.0951073 3.60939e-07 110.409 0.0114438 32570.4 3.42897
1494.39 2299.8 0.981655 0.0447428 0.0519091 1.70052e-07 114.164 0.0111607 27193.2 3.21769
1490.86 2340.26 1.01422 0.00259629 0.0515555 7.8733e-08 113.511 0.0105782 32488.7 3.24254
1449.25 2371.71 1.00328 0.00282198 0.0763598 1.04052e-07 114.833 0.0112933 34659.5 3.18897
1425.43 2396.7 1.01468 0.00259345 0.0856508 5.64259e-08 114.305 0.0111227 29930.9 3.21178
1408.43 2432.47 1.00203 0.0318199 0.00917428 2.6812e-08 107.029 0.0108076 34065.5 3.30187
1364.04 2453.18 1.00772 0.00365648 0.0182727 9.94536e-08 101.934 0.0126993 29051.2 3.05127
1361.1 2455.28 1.01214 0.00890366 0.0656842 3.20638e-07 99.2167 0.0768218 33967.2 3.23208
1359.54 2455.82 1.00077 0.00821117 0.000191655 5.38107e-08 93.9831 0.0856783 25636.3 3.23973
1356.2 2454.84 1.00244 0.00246306 0.00200397 1.4174e-07 88.5539 0.125681 30266.5 3.30566
1368.34 2497.98 1.0336 0.0134761 0.00215991 9.58339e-08 80.4666 0.0801104 30434.6 3.27255
1384.28 2558.11 1.02473 0.0211821 0.000409292 1.26736e-07 76.0027 0.0811004 35322 3.28209
1385.41 2584.52 1.03717 0.000236203 0.350919 3.5378e-07 70.0583 0.0402533 29155.4 3.30568
1415.5 2643.49 1.05212 0.00043158 0.500459 3.70478e-07 67.4321 0.0423043 35432.6 3.173
1408.56 2700.22 1.04302 0.0244352 0.681727 4.00723e-07 68.3127 0.0358153 28694.2 3.1044
1405.47 2742.36 1.04854 0.0118709 0.584707 2.22244e-07 61.7939 0.0335026 34551.3 3.03618
1428.61 2774.79 1.05619 0.0325513 0.340637 1.46288e-07 60.5134 0.0277541 29859.4 3.07194
1449.85 2843.3 1.05156 0.0268932 0.176626 1.22908e-07 57.4099 0.0345775 29803.3 3.41262
1465.15 2908.36 1.07481 0.0849237 0.334573 1.65732e-07 56.0595 0.0251874 26480 3.45972
1510.01 2946.76 1.08435 0.0445018 0.158147 3.60642e-08 51.8143 0.0188446 29165.2 3.10688
1538.69 2970.57 1.07422 0.0747656 0.479984 2.47622e-07 54.8875 0.0269871 31439.2 3.09412
1555.44 3007.01 1.07646 0.153311 0.447234 1.96681e-07 53.301 0.0193774 29477.5 3.45101
1594.26 3059.32 1.08294 0.0596632 0.292365 9.76958e-08 49.376 0.021497 30330.7 3.03789
1588.06 3089.96 1.08083 0.150765 0.268299 8.41011e-08 53.3341 0.0192919 28919.5 2.79772
1637.17 3116.78 1.09512 0.14508 0.371465 6.86018e-08 49.7976 0.0168908 31974.9 2.73571
1679 3159.96 1.09877 0.158822 0.40641 3.82206e-08 50.8177 0.0161794 31867.3 2.81036
1724.54 3188.88 1.08616 0.134134 0.295124 7.83945e-08 51.2053 0.0157087 30443.6 2.93762
1731.71 3206.3 1.07629 0.218221 0.550385 2.03885e-07 48.9059 0.0184837 30539.3 2.76014
1787.59 3215.99 1.09057 0.124872 0.520395 1.77689e-07 47.5481 0.0199845 28449.6 3.16584
1815.06 3244.15 1.08035 0.0561948 0.102241 2.23488e-09 47.0151 0.0158347 30202.8 3.10075
1836.84 3289.72 1.08086 0.0093008 0.0130632 2.4123e-09 45.6663 0.0201422 32126.8 3.5218
1886.48 3306.42 1.07067 0.014354 0.00801871 1.55618e-08 45.3832 0.0163373 26699.2 3.15514
1934.99 3353.83 1.07879 0.00160184 0.0399447 6.30876e-09 45.1297 0.0169195 29785.1 3.01032
1987.86 3387.48 1.08285 0.0101694 0.0141258 1.818e-08 46.8582 0.0208008 24996.9 2.73712
1945.17 3355.55 1.04708 0.0571155 0.00520797 6.55366e-08 46.5335 0.0178641 28260.3 2.53612
2004.8 3392.55 1.07626 0.0229621 0.0479202 2.23056e-09 45.0706 0.0207349 29417.2 2.37883
2038.03 3417.45 1.07428 0.0116336 0.0014582 9.42391e-09 40.8589 0.0182976 30327.2 2.26266
2105.28 3499.05 1.09861 0.005354 0.00704769 2.0632e-08 36.5126 0.0194137 28821 2.99925
2082.73 3511.03 1.05368 0.0900371 0.000418029 1.32121e-07 30.9719 0.0146104 20559.8 3.19455
2132.63 3546.73 1.03479 0.12108 0.00551478 1.59157e-07 23.9719 0.00881517 18610.6 3.29856
2197.52 3611.45 1.02764 0.874373 0.00507466 9.42271e-07 18.0134 0.00678969 22302.5 3.26245
2211.27 3642.2 1.00924 0.702278 8.46981e-05 5.49099e-07 17.4873 0.00486908 20170.1 3.16373
2238.4 3680.05 1.00603 1.77373 6.66336e-08 1.69367e-06 14.1982 0.00539417 29937.1 3.2432
2302.7 3687.01 0.997579 0.532787 0.0106974 3.15614e-07 13.623 0.0049519 26621.1 3.24415
2364.05 3707.08 1.00762 0.0572012 0.0283024 9.87487e-08 15.8099 0.00470019 28136.1 3.45482
2417.72 3738.31 0.999497 0.0419687 0.0229302 9.5874e-08 14.7338 0.00562312 32023.1 3.11677
2485.1 3750.58 1.00851 0.0603082 0.023356 1.19323e-07 15.4724 0.00536091 29103.4 3.25815
2552.17 3764.07 0.998167 0.0613334 0.0372878 8.32954e-08 13.9417 0.0054494 29680.9 3.09496
2617.81 3788.24 1.00504 0.0525765 0.0450429 7.58982e-08 12.8741 0.00791746 29589.1 3.26197
2778.63 3787.5 1.00728 0.0123022 0.0541811 2.12803e-10 6.48862 0.00888348 24005.6 3.26533
2885.42 3841.35 1.01857 0.0194788 0.282506 5.21203e-09 2.11916 0.0135053 31536.2 3.36191
2906.36 3851.99 1.00062 0.00417362 0.1333 1.78566e-09 0.871553 0.00712109 22520.6 3.32727
2954.28 3873.11 0.990475 0.005132 0.497645 8.83362e-09 -3.2635 0.00841349 23382.9 3.24198
2987.64 3879.16 0.989423 0.000517801 0.240367 6.83798e-11 -6.22294 0.0078908 27927.4 3.40622
2988.31 3863.63 0.982053 0.00112372 0.151295 1.86944e-09 -11.0373 0.00626748 28307.3 3.32908
3016.93 3865.28 0.972883 0.00277599 0.373062 2.5728e-12 -17.101 0.0107242 26058.7 3.35302
3031.52 3854.46 0.974869 0.0759393 0.139554 1.49404e-07 -23.2199 0.00862729 29221.1 3.34093
3059.38 3859.39 0.972074 0.152481 0.221644 3.51059e-07 -29.5619 0.00870065 29946 3.35299
3091.79 3844.25 0.970631 0.125923 0.247874 2.19185e-07 -37.6566 0.00774357 30890.7 3.15155
3138.03 3809.93 0.96707 0.0746977 0.184239 9.18131e-08 -44.9106 0.00950847 31652.1 3.09013
3212.38 3703.15 0.991196 0.0530599 0.290884 6.16155e-08 -47.2084 0.00958786 30813.4 3.15986
3184.85 3719.42 0.988393 0.0149012 0.370557 1.17726e-07 -46.1273 0.00803139 32464.3 3.03332
3148.44 3736.11 0.973554 0.0477643 0.391651 2.13894e-07 -48.4677 0.00800828 30861.8 3.21082
3138.9 3720.12 0.964859 0.0293987 0.296635 1.55665e-07 -50.2067 0.00853953 31067.7 3.24254
3153.82 3713.77 0.968745 0.0202688 0.19873 6.61587e-08 -56.9625 0.0100342 34993.7 3.45324
3169.03 3694.77 0.945528 0.0161177 0.0506805 2.48072e-07 -63.937 0.00708687 28350.7 3.33164
3193.01 3693.11 0.947119 0.0127263 0.0406232 1.85114e-07 -69.6995 0.00969666 35386.1 3.31829
3221.17 3662.14 0.941312 0.0322049 0.0834841 3.11388e-07 -73.8858 0.00895091 33289.1 3.10963
3224.76 3628.76 0.938921 0.0290213 0.0714009 2.32224e-07 -80.2304 0.0110675 35598.3 3.19302
3243.75 3616.62 0.943657 0.0324369 0.0933596 1.98451e-07 -87.3435 0.0113248 33292.5 3.34112
3239.53 3614.21 0.936988 0.0399434 0.0846882 1.6654e-07 -92.2296 0.0133342 34143.8 3.16162
3241.51 3576.51 0.934463 0.0451843 0.139146 2.78678e-07 -92.037 0.0128992 34757.4 3.22902
3225.17 3553.34 0.95782 0.0352227 4.70206e-06 3.63189e-10 -95.3445 0.0121471 33232.3 3.18411
3213.94 3534.02 0.947913 0.0302322 0.000949572 5.88553e-09 -95.9812 0.0109632 30558.3 3.12252
3186.63 3470.27 0.941696 0.000938038 0.00459762 1.52903e-07 -97.541 0.0111073 31082.1 2.98583
3166 3411.53 0.940478 0.000547515 0.0139301 1.00315e-07 -100.426 0.0120069 25138.7 2.73241
3154.18 3372.74 0.934333 0.000284545 0.0156568 7.49955e-08 -99.4644 0.0113492 33214 2.47087
3154.08 3360.79 0.926835 8.85438e-05 0.0109445 8.52599e-08 -99.192 0.00924026 33030.3 2.11586
3128.97 3316.61 0.911866 0.000898227 0.0292405 6.7672e-08 -100.718 0.0109512 34356.1 2.38309
3136.46 3311.59 0.896273 0.000414235 0.00847808 8.0814e-08 -100.61 0.0115481 33743.2 3.22003
3126.64 3270.15 0.888526 0.000735994 0.00422001 1.07662e-08 -100.361 0.0121175 34923.4 3.34151
3124.52 3259.03 0.873221 0.00673615 0.0211107 3.2452e-08 -100.989 0.0132671 34746.2 3.20945
3143.25 3215.13 0.874041 0.0182806 0.00111701 3.97092e-08 -102.791 0.0145011 36059.9 3.06838
3138.57 3179.13 0.872453 0.0145631 0.000873396 1.81619e-08 -104.454 0.0100515 27053.6 2.9454
3126.81 3134.81 0.874652 0.0112682 4.40886e-05 4.85802e-08 -103.407 0.0134868 35610 2.64141
3126.43 3127.44 0.864744 0.0122157 0.00133252 6.53753e-08 -103.758 0.013179 36725.1 2.09087
3134.93 3114.35 0.853358 0.0106095 0.00564991 6.43051e-08 -104.312 0.0111966 32695.4 2.43616
3131.98 3094.56 0.859374 0.0188865 0.00151599 1.25153e-07 -102.769 0.010736 33955.7 2.95713
3115.91 3067.6 0.846927 0.0261917 0.0016325 1.63987e-07 -103.437 0.0131764 36042.9 3.05268
3116.37 3069.1 0.850014 0.000139397 0.0282483 3.69401e-07 -104.193 0.0808976 33326 3.23626
3104.87 3039.85 0.838986 0.011136 0.0347483 4.15483e-07 -105.924 0.0588456 30201.3 3.48119
3094.88 3036.5 0.840685 0.0605568 0.0177999 1.97795e-07 -106.161 0.0453074 31124.9 3.27919
3084.58 2999.31 0.818168 0.0563082 0.00558218 1.46725e-07 -106.674 0.0450826 31419.5 3.23557
3068.57 2966.62 0.833676 0.0803241 0.00288175 1.42286e-07 -106.566 0.0478769 33776.1 3.37607
3064.03 2947.06 0.837248 0.120103 0.00278591 1.38996e-07 -106.796 0.0457008 33311.6 3.58899
3068.08 2946.8 0.837535 0.074115 0.00115449 5.19312e-08 -107.562 0.106901 32473.4 3.41782
3065.85 2918.73 0.83343 0.0165277 0.11935 5.69561e-08 -108.749 0.118081 31683.8 2.81246
3054.44 2878.25 0.838076 0.00165108 0.000843362 1.82998e-08 -105.001 0.0947 31673.9 2.33323
3052.45 2856.72 0.841482 0.000212278 0.00324598 1.73933e-08 -106.556 0.100861 33769.6 2.27011
3031.36 2824.88 0.841339 0.0275881 0.0828582 2.29515e-07 -110.246 0.116984 33385.7 2.93723
3021.39 2809.39 0.842051 0.0333593 0.0549957 9.16031e-08 -108.973 0.143587 32805.9 3.29419
3031.86 2756.44 0.849958 0.00966562 0.111804 9.51483e-08 -102.888 0.119979 32015.2 3.65625
3051.91 2714.4 0.846495 2.4273e-05 0.130032 4.78195e-08 -97.5527 0.107376 28851.1 3.3061
3064.84 2674.81 0.828492 0.000129484 0.102556 4.98413e-08 -97.1487 0.136301 29552.3 3.10033
3086.32 2675.77 0.809533 0.00726112 0.195129 5.80764e-08 -105.244 0.0951636 29071.3 3.09937
3100.69 2541.95 0.842518 0.0045021 0.122328 5.39398e-08 -138.694 0.101554 25432.9 3.08227
3098.96 2416.24 0.854145 0.0171666 0.363137 1.42587e-07 -157.277 0.0573445 19251.8 2.20502
3054.65 2466.19 0.880011 0.0987136 0.067599 1.10839e-09 -158.857 0.0432264 23450.7 2.21793
3063.81 2489.08 0.875752 0.207216 0.0850155 1.57844e-09 -158.571 0.0410092 28805.9 3.01873
3032.87 2505.92 0.880345 0.0416909 0.0534428 6.94845e-09 -157.52 0.0334407 33166.1 3.16639
3016.42 2506.23 0.888355 0.148727 0.226336 2.02715e-09 -157.237 0.0299737 26029.3 3.54312
2998.12 2507.29 0.891656 0.0858723 0.130126 1.43376e-10 -156.957 0.0288621 34968.2 3.40774
2956.17 2484.24 0.915423 0.054535 0.370186 3.09185e-08 -154.459 0.0253997 28879.4 3.28028
2945.71 2475.27 0.91226 0.0840139 0.813561 9.12309e-08 -151.497 0.0223613 26136.2 3.21793
2949.38 2471.79 0.92418 0.0507569 0.366145 4.31905e-08 -152.964 0.0191778 29854.9 2.85908
2917.39 2447.61 0.917553 0.0567516 0.00113265 1.72861e-08 -152.657 0.0171837 28883.6 2.20367
2880.34 2450.04 0.913777 0.119122 0.00262986 4.50536e-08 -150.937 0.0164912 32150.9 2.14016
2850.34 2397.81 0.908529 0.130054 0.00137571 4.45853e-08 -151.364 0.0156681 32618.4 3.08751
2813.37 2383.56 0.901418 0.18725 7.37721e-05 8.31052e-08 -150.164 0.0134454 32895.6 2.97656
2775.5 2351.48 0.876394 0.212994 0.00472697 5.06934e-08 -150.58 0.016639 33667.1 2.23626
2710.5 2277.57 0.881165 0.112818 0.0197915 1.7686e-08 -148.52 0.0120837 34009.4 2.19525
2603.65 2316.47 0.914875 0.147012 0.0192257 7.67744e-09 -147.413 0.0219463 28889.7 2.44642
2612.97 2272.37 0.900736 0.118516 0.0235474 4.32908e-10 -147.786 0.0146588 29911.9 3.1781
2624.89 2139.57 0.889141 0.00527577 0.0140126 3.44217e-10 -151.02 0.00955932 23141.4 3.33353
2641.88 2012.93 0.890968 8.56124e-05 0.0132903 5.51867e-09 -150.509 0.00883293 30082.2 3.57873
2678.09 2149.14 0.903008 0.0231289 0.015928 1.18984e-08 -152.854 0.0106098 32106.7 3.35901
2686.07 2136.73 0.90866 0.0474432 0.0300071 3.4965e-08 -153.428 0.0104684 36694.7 3.5061
2707.35 2208.9 0.903926 0.0294333 8.92524e-06 8.97132e-10 -154.442 0.0104091 36468.3 3.30119
2694.52 2164.6 0.899421 0.0406159 2.03874e-06 6.52282e-09 -151.492 0.010698 30194.6 3.2169
2684.93 2142.3 0.902473 0.0388225 0.00357411 1.68532e-08 -152.523 0.0120697 36616.2 2.95578
2735.91 2192.16 0.889241 0.0280549 0.00305134 1.89209e-10 -147.512 0.0108246 36937 2.43559
2720.39 2195.86 0.902102 0.0217665 0.00689557 1.29842e-09 -143.035 0.0131818 36489.9 2.37369
2721.16 2190.68 0.895728 0.0187918 0.00449972 1.41759e-09 -145.573 0.0145513 38094.2 2.93072
2724.98 2170.18 0.901391 0.00976834 0.00787449 4.22854e-09 -147.006 0.0122005 34950.3 3.30332
2668.72 2138.01 0.915724 0.00730113 0.0111482 9.8113e-10 -139.847 0.0125689 34107.3 3.09282
2736.42 2211.89 0.907716 0.00788406 0.00749056 1.19244e-08 -138.848 0.0123261 36647.7 2.92562
2735.18 2240.9 0.912511 0.002198 0.00325904 1.60341e-08 -142.654 0.01455 34625 2.98537
2722.81 2187.98 0.907164 0.000803939 0.0115114 5.14753e-08 -140.86 0.013016 36430.7 2.36808
