meanPX meanPY meanPZ varPX varPY varPZ meanAngle angleStdev NEFF elapsedTime
2481.29 2347.47 1.32349 42.9453 157.317 1.80229e-05 -83.4075 2.34249 549.039 1.74529
2485.23 2314.03 1.17222 2.88069 12.5711 2.75969e-06 -80.1164 2.0684 9890.25 2.6595
2538.84 2245.94 1.10075 4.93702 0.272661 1.97891e-07 -70.1189 1.65227 13747.8 2.5251
2675.75 2230.98 0.868573 6.31896 10.9405 3.00074e-06 -59.7977 1.25827 9741.39 1.77553
2796.91 2198.61 0.756872 8.37062 17.9857 7.93218e-06 -55.5045 0.773498 12895.6 2.32029
2879.93 2169.93 0.670884 1.792 4.52182 2.30508e-06 -54.3897 0.45945 21123.2 2.21321
2955.95 2121.73 0.640338 0.214772 0.229939 1.6108e-07 -51.3747 0.351201 27818.4 3.10596
2963.88 2125.48 0.619739 4.18831 0.125663 9.81434e-06 -52.9275 0.335109 34186.5 2.85235
2967.89 2118.49 0.608934 2.86956 0.046261 7.88101e-06 -52.1326 0.4278 35068.5 2.30974
3030.71 2063.8 0.591271 20.1513 3.63318 1.34048e-07 -51.9624 0.250875 34997.4 2.46694
3059.39 2041.09 0.583203 41.885 8.46731 1.34151e-07 -51.9292 0.223029 32650.1 2.97761
3049.6 2060.74 0.578362 18.1119 4.08002 3.46767e-08 -56.2338 0.354157 30009 3.04298
3059.16 2063.96 0.567967 0.260742 0.0695643 4.84065e-06 -54.2719 0.433875 32313.6 3.21337
3053.4 2099.61 0.554768 0.321362 0.285378 4.09538e-06 -53.208 0.554436 28458.3 2.93617
3062.19 2110.12 0.551643 8.20021 6.54226 1.01197e-07 -63.6378 0.63447 30884.4 2.69201
3105.68 2074.68 0.550611 0.184033 0.755292 6.265e-06 -77.1209 0.566168 31415.7 1.9341
3120.05 2054.35 0.555395 0.12083 1.64322 8.01008e-06 -84.3991 0.480146 24753.8 2.60621
3130.54 2029.15 0.560005 0.0339013 1.87395 1.06089e-05 -80.2173 0.434847 28778.5 2.90945
3133.41 2014.49 0.564867 0.00578742 1.61991 7.34214e-06 -94.0717 0.370082 29654.3 2.8002
3089.32 2036.15 0.600652 0.00481112 2.9053 8.27763e-06 -102.245 0.39463 22055.3 2.79552
3077.1 2062.05 0.608582 0.00329978 2.46862 6.12759e-06 -96.6331 0.236884 26850.8 2.38208
3038.73 2055.64 0.635595 2.13411 0.654592 1.03096e-06 -101.478 0.256846 28020.1 2.28149
2997.05 2103.71 0.645172 0.357785 1.5253 1.69237e-06 -98.4408 0.234582 27310.2 2.82574
2737.66 2464.46 0.636969 2.87388 8.75144 1.72816e-06 -101.096 0.316452 20514.3 3.07068
2773.35 2422.27 0.628548 1.85441 7.99792 1.03636e-06 -102.982 0.414152 27750.8 3.22572
2593.37 2640.98 0.646388 6.37463 23.1646 1.65706e-06 -103.516 0.457946 23978.7 3.33484
2750.47 2310.28 0.71233 5.35606 21.1479 1.27296e-06 -106.875 0.297695 25015.1 3.20955
2851.55 2100.97 0.753177 1.48722 8.29653 3.03795e-07 -112.718 0.270977 24141.5 3.33008
2936.06 1887.4 0.788179 0.340203 2.63264 1.01851e-07 -118.278 0.203438 29355 3.35336
3013.23 1681.65 0.825995 0.0495947 0.883425 4.86034e-08 -122.204 0.118897 28388.8 3.45801
3035.39 1524.06 0.855295 0.00753221 0.272845 2.22969e-08 -127.918 0.038986 28776.6 3.39077
3030.01 1443.65 0.879933 0.00962445 0.174232 3.51224e-11 -132.306 0.0240091 31757.3 3.41382
3008.6 1393.35 0.898307 0.0390373 0.113841 1.15302e-07 -140.454 0.0563827 25656.6 3.29804
2988.6 1341.23 0.892618 0.0277967 0.0927549 1.0974e-07 -148.068 0.0536638 31419.5 3.14512
2968.65 1295.1 0.886641 0.0409875 0.110177 2.08637e-07 -152.967 0.0503486 27475.1 3.40475
2911.52 1277.47 0.903817 0.0442834 0.094134 1.21429e-07 -150.342 0.0604977 29962 3.52575
2905.33 1310.44 0.886218 0.0623339 0.277037 6.52282e-08 -142.436 0.137666 19785.6 3.37498
2862.49 1283.06 0.894143 0.0895306 0.356047 4.23912e-08 -151.958 0.15462 26378.4 3.39887
2896.44 1366.22 0.847769 0.00968818 0.369152 1.39997e-09 -157.626 0.266257 14405.2 3.72015
2896.9 1372.75 0.824001 0.0255057 1.08105 4.20991e-07 -160.999 0.271505 20176.9 3.4324
2821.02 1410.29 0.840009 0.0092238 3.23984 9.49552e-07 -163.002 0.311589 20423.2 3.48446
2735.82 1749.02 0.807718 0.0399131 13.6147 1.48615e-06 -164.246 0.879143 18355.8 3.57826
2826.56 2078.42 0.646698 0.391691 19.0435 2.45405e-06 -171.744 1.43545 12713.6 3.39183
2904.96 1942.57 0.631868 0.540354 7.07538 1.54281e-06 -172.451 1.03999 20015.7 3.52945
2891.14 2248.81 0.578397 6.05995 35.2754 4.80629e-06 174.083 1.58954 17819.5 3.27913
3031.6 1883.66 0.55624 5.058 5.49266 2.3313e-06 176.809 0.615006 18604.9 2.89959
2907.13 2329.5 0.551311 0.928095 6.31124 6.3425e-07 156.234 1.28212 16823.6 2.22872
2849.06 2514.84 0.556938 2.66785 22.1681 2.28544e-06 145.577 1.449 20139.6 2.23875
2766.84 2710.35 0.562057 3.47117 41.4283 3.18972e-06 133.224 1.66962 15948.7 2.64691
2685.61 2864.15 0.577458 4.22148 73.0025 5.16745e-06 117.976 1.73809 12662.2 2.85142
2952.49 1822.52 0.520937 14.6764 8.90837 6.17495e-06 163.475 0.509175 12620.4 2.65341
2959.93 1643.64 0.519984 9.87463 2.402 3.28913e-06 160.698 0.310503 18671.1 2.07935
2921.21 1664.22 0.528295 9.48268 2.20458 3.47753e-06 149.435 0.360866 25196.6 2.23597
2930.97 1662.75 0.511572 23.5313 4.6566 7.91013e-06 150.069 0.350364 25594.9 3.09982
2881.29 2041.4 0.490826 5.48599 4.08344 2.08601e-06 137.212 0.911622 20349.4 3.2433
2793.97 1877.19 0.549622 7.46281 3.48163 2.49081e-06 132.947 0.714487 19865.9 3.1852
2655.14 2292.74 0.592795 9.33121 24.5012 5.86143e-06 107.917 1.29753 19465.4 3.13267
2627.17 1889.22 0.629935 5.03571 5.41598 3.11108e-06 121.182 0.687264 21332.5 3.22087
2466.48 1684.01 0.7315 5.20965 2.9318 3.20931e-06 129.188 0.336304 20258.4 2.78471
2342.42 2156.1 0.760909 1.95407 5.51499 1.7416e-06 109.077 0.911486 18835.8 2.96624
2087.33 2053.84 0.896196 1.84791 7.94529 2.51012e-06 111.28 0.705066 18060.4 2.09488
1940.27 1739.32 0.964 0.579392 1.29662 9.69473e-07 119.261 0.28956 22172.3 2.3161
1833.06 1636.75 0.992696 0.048032 0.0160814 5.8032e-07 126.203 0.153052 21951.9 3.12205
1773.98 1639.38 1.01785 0.121372 0.0200293 5.26318e-07 126.124 0.106993 26763.4 3.2856
1792.85 1766.31 0.99934 0.567521 0.28744 1.17655e-06 125.581 0.226207 30097.8 3.18912
1760.34 1725.3 1.00186 0.171716 0.0222057 4.0355e-07 126.238 0.146175 31230.9 3.12328
1752.39 1768.49 0.972268 0.630132 0.519814 7.16405e-07 125.606 0.17493 22218.5 2.31815
1774.09 1804.71 0.980184 1.01613 0.504185 7.3884e-07 122.213 0.158797 24268 2.25457
1729.89 1789.42 0.98954 0.78885 0.283262 4.50507e-07 116.255 0.118275 25687.8 2.47386
1814.47 1851.47 0.970106 1.99328 0.290374 5.18175e-07 106.651 0.135164 25039.8 3.33791
1794.93 1875.11 0.958482 1.02166 0.469326 1.42794e-06 101.251 0.125311 27092 3.26758
1787.71 1922.67 0.948037 1.16192 0.590281 1.79483e-06 93.2312 0.115386 26429 3.12472
2094.1 2073.49 0.921317 2.44327 0.015415 1.00444e-06 82.0184 0.135575 24367.3 3.47368
2244.61 2161.83 0.897856 7.13463 0.00522701 1.88536e-06 74.7131 0.128868 24862.8 3.46138
2723.69 2349.01 0.830415 19.9603 2.40518 8.48823e-07 60.9415 0.102128 19768.4 3.31332
2294.36 2215.33 0.87226 14.9574 1.57376 1.1083e-06 71.5772 0.107929 23070.8 3.31742
2147.12 2201.08 0.876148 10.2278 0.877201 8.27311e-07 75.9335 0.0953227 24468.7 3.18317
1816.5 2124.73 0.908106 1.65005 0.0915002 5.58306e-07 84.0389 0.0630408 23303.4 3.29651
1782.94 2112.35 0.927987 1.50746 0.0550204 6.82631e-07 84.4196 0.0541232 24325.6 3.24541
1664.78 2127.62 0.936393 0.19084 0.00274129 3.9911e-07 87.4699 0.0372318 30161.1 3.32384
1545.16 2110.96 0.965117 0.00459922 0.0499535 2.67616e-07 90.9122 0.012524 28149.6 3.4396
1536.49 2129.93 0.96861 0.0317539 0.0609724 1.44973e-07 96.1823 0.00699488 29980.5 3.27876
1573.35 2155.3 0.995228 0.0388498 0.0808903 3.13907e-07 105.412 0.00887384 35868.6 3.27688
1558.79 2188.49 0.993119 0.0237884 0.0777722 2.88241e-07 110.675 0.00708572 30254.7 3.15234
1553.12 2189.94 1.00939 0.016332 0.0615983 1.51485e-07 109.663 0.00792048 33381.5 2.84265
1529.22 2237.78 1.00721 0.016561 0.0118646 5.89331e-09 111.643 0.00812492 34127 3.23753
1504.81 2260.81 0.98765 0.00524513 0.000604913 3.96923e-08 111.938 0.0102196 31018.8 3.17678
1490.16 2302.96 0.98432 0.0143185 0.00231678 1.90653e-08 112.489 0.00929441 30965 2.96282
1489.5 2339.9 1.00709 0.0123332 0.00493488 4.61958e-09 110.913 0.00987214 36796.2 3.37264
1442.63 2369.68 0.996737 0.00372054 0.00711377 5.87236e-09 114.334 0.0121778 32720.1 3.35466
1416.38 2389.69 0.996844 0.0131136 0.00644269 3.08727e-08 111.913 0.0106098 33485.2 3.4895
1406.45 2423.09 0.975912 0.0109204 0.00547587 3.10998e-08 105.543 0.0126117 26887.6 2.48463
1359 2448.45 0.985328 0.0131767 0.00131162 3.98413e-08 100.298 0.0101318 28558.8 2.07645
1357.95 2448.85 0.983496 0.0188996 0.00275071 4.79584e-08 88.3279 0.0486954 22691.6 2.81569
1356.53 2449.03 0.986516 0.000561925 0.0380966 3.8947e-08 85.0545 0.0693053 21917.3 3.37116
1354.34 2455.45 0.990774 0.000599239 0.0556804 3.93145e-08 79.6152 0.0681962 17506.3 3.40893
1368.11 2492.16 1.02437 0.00185065 0.0483472 2.51528e-08 74.0944 0.0418029 28172.5 3.26804
1392.22 2554.95 1.02674 0.0281087 0.0748559 3.45581e-08 70.1182 0.0517868 34711.5 3.09284
1394.52 2575.64 1.02648 0.0282473 0.0413718 2.22603e-08 64.0242 0.0258503 31309.6 2.29755
1428.02 2642.99 1.04332 0.0365554 0.00500979 1.01187e-08 64.8251 0.0316216 31797.1 2.44941
1451.61 2696.46 1.04339 0.0643973 0.00351658 3.00181e-08 59.5256 0.0222698 33721.5 2.56076
1433.61 2742.46 1.04125 0.0197597 0.00286913 5.92611e-09 57.8761 0.0201501 30461.4 2.7402
1455.45 2763.99 1.03264 0.0218048 0.00192552 1.07306e-07 55.5196 0.0248609 26141.2 3.06075
1498.22 2834.19 1.03801 0.0280814 2.63498e-05 9.52642e-08 50.9229 0.0159607 30158.2 3.17114
1514.44 2887.29 1.05834 0.0342202 0.000971178 8.47279e-08 50.4115 0.0183483 32628.7 3.34634
1537.59 2918.54 1.04699 0.0279189 6.14676e-06 6.73667e-08 48.9905 0.0169596 31872.8 3.14045
1569.16 2950.59 1.05204 0.0127774 0.0015504 4.60609e-08 52.0921 0.0206022 29557.4 3.33122
1607.09 2974.62 1.06239 0.0272815 3.54929e-05 2.61445e-08 48.3469 0.0167653 33241.7 3.41113
1610.94 3032.96 1.04846 0.00315348 0.00395567 1.02591e-07 47.2913 0.0210457 29621.1 3.33698
1630.12 3053.71 1.06537 0.0130215 0.0025392 2.70348e-08 47.939 0.017094 29791.4 3.35247
1669.77 3094.6 1.08651 0.0141384 0.00010955 6.32683e-08 48.387 0.0173777 32492.2 3.18633
1706.43 3105.15 1.07419 0.000799673 0.011837 5.94052e-08 47.4415 0.0154659 29034.9 3.22702
1748.79 3141.15 1.06466 0.00727579 0.0021907 5.04317e-08 47.4039 0.0168717 27260.9 3.42813
1762.7 3154.44 1.07067 0.0144105 0.0105656 1.30486e-07 46.4957 0.0139728 31163 3.14189
1807.26 3183.45 1.08054 0.0213309 0.0101614 8.79867e-08 46.0049 0.0164848 33646.5 3.34121
1823.78 3202.56 1.06506 0.057239 0.0351701 2.78302e-07 44.6966 0.0141882 27968 3.51584
1877.58 3251.25 1.08304 0.0754418 0.0764622 6.41975e-07 44.2087 0.0136387 27831.1 3.26921
1929.74 3282.9 1.08373 0.0208272 0.0306598 2.35668e-07 45.0643 0.0125845 27894.4 3.27562
1961.27 3303.38 1.06654 0.02543 0.03666 2.79322e-07 43.9451 0.0160739 30776.6 3.31759
2011.86 3330.88 1.07315 0.0815078 0.108482 3.38461e-07 44.5971 0.0178115 28112.8 3.24376
1995.58 3328.55 1.06834 0.0598168 0.0410586 2.79302e-07 45.8808 0.0164032 27581.6 3.2373
2016.95 3341.88 1.0535 0.0928031 0.0271307 2.33384e-07 44.0785 0.0187923 28456.2 3.59594
2064.05 3397.27 1.08049 0.0966969 0.0657569 4.84199e-07 42.8252 0.0200316 24373.9 3.47486
2073.32 3454.85 1.03279 0.179337 0.0520814 4.21757e-07 38.9743 0.0123544 15442.4 3.465
2081.31 3496.27 1.02293 0.301668 0.0819657 6.53336e-07 33.8911 0.0107318 18601.7 3.54733
2128.67 3541.37 1.02012 0.249464 0.0111227 1.67167e-07 27.2028 0.00681092 19912 3.45901
2195.85 3610.66 1.0078 0.308842 2.01535e-06 8.69208e-08 20.5964 0.00550525 21536.5 3.16751
2220.32 3640.01 1.00833 0.409678 0.000605657 1.4896e-07 18.1516 0.00397355 23703.7 3.21608
2246.96 3676.93 0.996863 0.142999 0.000511292 6.73212e-08 16.3835 0.00424933 26320.7 3.4872
2308.44 3686.61 0.995299 0.488575 2.62667e-05 1.76977e-07 15.1402 0.00472819 30891.3 3.34382
2366.7 3704.23 1.00217 0.301586 5.04055e-06 1.46892e-07 16.4269 0.00460496 31805 3.54201
2419.18 3734.51 0.996127 0.294892 0.00158897 1.4868e-07 15.3536 0.00458498 30610.8 3.43596
2479.04 3743.45 1.00053 0.425342 0.00680371 1.99529e-07 15.3072 0.00513127 29838.7 3.26465
2546.72 3758.77 0.98834 0.106595 0.000397022 2.88207e-08 14.4102 0.00565361 28775.4 3.50733
2610.49 3783.2 0.995289 0.10185 0.00432246 2.57605e-07 13.1225 0.00468676 24742.1 3.5737
2774.69 3794.01 1.0098 0.0839287 0.0235362 9.9858e-08 8.76081 0.00623004 30258.1 3.29677
2876.19 3843.53 1.00708 0.00164568 0.111947 1.18311e-08 3.435 0.00755565 25501.3 3.34099
2908.06 3845.36 1.00169 0.000150169 0.0929185 2.56094e-09 1.37339 0.00728625 29458.7 3.43087
2963.48 3863.84 1.00211 2.93432e-05 0.27483 2.07522e-09 -2.98653 0.00702193 30179.3 3.3904
2990.17 3861.15 0.989192 0.00173772 0.16471 3.68673e-09 -7.77463 0.0100767 28253.5 3.25628
2998.59 3847.45 0.995281 0.0248296 0.00715149 1.11025e-07 -13.2471 0.0108804 32508 3.25233
3033.6 3846.63 0.982643 0.0487429 0.00764054 1.54082e-07 -20.3148 0.0103377 26913.8 3.61579
3045.88 3837.85 0.977625 0.0747257 0.0898646 3.45141e-07 -25.2979 0.00730077 27266.1 3.38256
3077.69 3835.33 0.982763 0.182918 0.179628 5.99511e-07 -33.6388 0.0133065 33382.2 3.2794
3110.38 3824.56 0.979482 0.063072 0.0779887 2.1297e-07 -39.6028 0.0104769 32871.2 3.39691
3153.47 3794.36 0.974253 0.158598 0.268072 4.08826e-07 -47.4128 0.0128738 32149.5 3.38033
3220.95 3692.68 0.98799 0.165502 0.372117 5.7507e-07 -48.1593 0.0117361 30744.2 3.32523
3190.57 3711.43 0.98911 0.0871747 0.227918 2.89082e-07 -46.9177 0.0136584 30577 3.38501
3153.92 3733.1 0.975564 0.0666259 0.122161 1.38429e-07 -48.2408 0.0107169 29937 3.14554
3147.82 3721.92 0.971674 0.0921304 0.234251 1.82624e-07 -51.0379 0.00975947 32540.9 2.90148
3159.63 3718.55 0.959795 0.100572 0.275517 2.7038e-07 -55.9859 0.00914079 29288.3 2.96849
3177.28 3698.51 0.953448 0.189293 0.641999 3.3284e-07 -63.8232 0.00970926 32655.7 3.35658
3202.07 3696.24 0.938598 0.0514417 0.155662 8.14854e-08 -66.7148 0.00753429 27038.8 3.42552
3228.29 3667.2 0.942005 0.0208639 0.00162257 1.09476e-08 -72.1779 0.00808603 34471.5 3.38738
3229.09 3635.48 0.933234 0.000225043 0.0335685 9.20947e-08 -77.2786 0.00697218 28803.5 3.2848
3252.08 3624.57 0.927775 0.000655481 0.0342686 1.41999e-07 -84.7726 0.00710138 32646 3.18144
3248.52 3622.85 0.933156 4.82523e-05 0.0516693 1.66314e-07 -90.0734 0.0078057 30862 3.3476
3247.65 3588.66 0.928639 0.0158106 0.0542182 2.50526e-08 -91.1412 0.0099846 34894.4 3.27206
3234.05 3564.82 0.942226 0.0419341 0.17748 1.27549e-07 -94.8719 0.00911795 32663.6 3.41845
3218.79 3540.81 0.936965 0.0515131 0.193578 2.13443e-07 -95.035 0.0113229 33631.2 3.40213
3196.05 3473.13 0.935767 1.99183e-05 0.0257638 3.01423e-08 -96.6332 0.0115558 34624 3.28743
3178.76 3409.28 0.940377 0.00153044 0.0344429 3.88989e-08 -95.4153 0.0120537 31989.7 3.2783
3164.22 3369.61 0.939791 0.00394941 0.0463149 7.85435e-08 -96.8109 0.013016 34403.4 3.28268
3160.7 3361.94 0.926685 0.00544012 0.0559056 5.09629e-08 -97.1329 0.0113541 31881.3 3.1504
3140.39 3311.32 0.92377 0.00358101 0.05698 1.37406e-07 -97.4016 0.0120494 34423.2 3.41233
3150.35 3310.46 0.90922 0.000933543 0.0416089 1.06103e-07 -95.6874 0.0122081 34610.6 3.30927
3136.78 3263.35 0.917761 2.11167e-05 0.0365532 1.02363e-07 -97.6903 0.0116108 31938.6 3.27416
3144.51 3251.28 0.894561 0.0187023 0.0360621 4.90681e-08 -95.9661 0.0111853 35228.3 3.37239
3163.77 3207.6 0.881411 0.0462656 0.117594 7.87204e-08 -97.456 0.0106946 31429.5 3.3421
3166.97 3173.46 0.874 0.026755 0.000896459 1.14608e-08 -96.742 0.0111281 34007.6 3.39175
3153.97 3134.1 0.869091 0.0287971 0.000193763 1.3386e-08 -97.5047 0.0118935 34821.5 3.1206
3161.15 3120.96 0.859656 0.0258586 0.000593036 6.68408e-09 -97.7445 0.0108261 34104.7 3.35137
3172.16 3108.64 0.866546 0.0744222 0.00912451 6.14759e-08 -98.5383 0.0140944 32994.2 3.17855
3161.84 3090.87 0.864022 0.0767278 0.00938725 2.12027e-08 -99.0956 0.0144762 33388.7 3.36736
3161.25 3060.57 0.871483 0.06779 0.0200207 4.98716e-09 -96.924 0.0124061 31772.8 3.29156
3158 3064.18 0.863073 0.0738051 0.0175332 2.18186e-09 -97.2943 0.0584669 26311.2 3.42996
3139.03 3038.05 0.849543 0.00555776 0.0932582 6.30479e-07 -100.503 0.0517854 29568 3.62306
3134.5 3026.83 0.854412 0.0080116 0.0390736 2.61372e-07 -101.304 0.0526885 32409.9 3.14704
3131.91 2992.3 0.835788 0.00120288 0.0417074 2.51144e-07 -101.474 0.0536816 32765.9 3.23378
3119.32 2955.09 0.863855 0.00108727 0.020356 1.37183e-07 -101.006 0.0405682 31640.2 3.32756
3109.5 2934.84 0.862314 0.00150325 0.071444 3.28755e-07 -100.578 0.0456656 29852.6 3.04851
3113.56 2935.77 0.865371 0.000218933 0.0262009 8.44074e-08 -102.208 0.0835721 30201.4 3.27541
3105.06 2904.4 0.865255 0.00898353 0.0469846 1.23596e-07 -103.218 0.0685867 31229.1 3.26413
3101.11 2864.79 0.868501 0.00933778 0.0027124 1.64547e-08 -102.485 0.0706725 35196 3.43493
3118.4 2844.2 0.872144 0.00224394 0.00711773 4.75821e-08 -100.703 0.06398 33756.5 3.18065
3092.29 2802.57 0.873631 0.165642 0.0236373 6.51146e-08 -102.595 0.065026 35047 2.79679
3109.85 2774.01 0.872519 0.35207 0.0289314 1.25571e-07 -97.9768 0.0549123 31947.8 2.20483
3105.26 2725.45 0.884076 0.400642 0.0580738 1.31039e-07 -94.457 0.0457303 29344 2.32325
3089.69 2689.96 0.886551 0.000664739 0.0212793 3.42995e-08 -94.3322 0.0574351 34599.1 3.13705
3120.94 2638.39 0.864786 0.00560004 0.0343279 9.02318e-09 -96.3972 0.0443518 28977.7 3.17734
3112.61 2648.97 0.849563 0.00467871 0.0307262 1.77033e-08 -107.69 0.0443878 33552.5 3.23737
3152.4 2501.29 0.882012 6.5402e-05 0.039599 2.01486e-08 -138.659 0.0521513 29071.9 3.10344
3149.69 2384.22 0.87969 0.0029146 0.0920499 7.33486e-08 -157.522 0.0361276 24822.1 2.90162
3131.38 2434.52 0.904301 0.000547546 0.082457 3.35382e-08 -155.082 0.032072 29132.9 2.21788
3119.47 2459.15 0.903088 0.00103093 0.0376718 1.06212e-08 -154.091 0.0320675 34764.4 2.43975
3086.65 2476.35 0.903269 0.00668818 0.0355432 1.9202e-08 -155.221 0.0274991 33340.6 2.6075
3033.62 2481.33 0.906369 0.00987442 0.0232468 3.09478e-08 -154.462 0.026483 35568.4 2.76244
3024.7 2480.7 0.90111 0.0253114 0.0279941 3.38375e-08 -152.886 0.0266199 36098.1 2.91717
2978.02 2464.92 0.915363 0.0565684 0.512559 1.17104e-08 -152.851 0.027248 30454.8 2.64377
2954.15 2452.6 0.910766 0.0120658 0.272007 4.62144e-10 -149.714 0.0182148 28328.1 2.33359
2960.96 2447.7 0.92547 0.0118971 0.246418 9.89436e-09 -150.212 0.0176779 32321.7 2.1484
2927.48 2428.5 0.924351 0.0200906 0.0548436 1.95954e-07 -149.67 0.0160549 33315.4 2.56911
2888.08 2423.66 0.914564 0.0182318 0.0722047 1.16986e-07 -148.391 0.0197578 32150.4 2.93886
2855.9 2377.37 0.905253 0.0301964 0.110503 1.44211e-07 -150.518 0.0167553 33204.1 2.91063
2821.81 2361.09 0.903954 0.00467576 0.0114368 7.93919e-09 -149.072 0.0140185 33598.2 3.05639
2790 2328.72 0.87563 0.00607618 0.0156597 3.01027e-08 -150.025 0.0146606 35173.4 3.00493
2722.6 2264.01 0.864393 0.000521624 0.0472493 3.56396e-08 -149.694 0.0112223 29515.8 3.02893
2610.55 2314.17 0.906333 0.0166174 0.154361 8.84216e-08 -148.178 0.0155283 32696.4 3.14048
2623.32 2265.3 0.891995 0.00380085 0.000248636 1.28991e-10 -149.761 0.012246 33071.8 2.44211
2630.17 2125.98 0.890605 4.39525e-07 2.13859e-05 1.86738e-08 -151.188 0.0103505 29303.5 2.29469
2635.17 2013.08 0.878076 0.00100665 0.00104931 4.29059e-09 -152.885 0.00903919 26301.9 2.54112
2677.4 2141.93 0.894451 0.000311162 6.57251e-05 8.79069e-09 -153.125 0.00882522 32146.5 3.18073
2686.47 2128.62 0.89932 0.000188885 6.49247e-05 4.23491e-08 -154.678 0.00854189 35824.4 3.19249
2711.02 2199.68 0.89131 0.00354025 0.00129692 4.07815e-08 -155.007 0.010032 38102.2 3.17487
2702.54 2149.58 0.880131 0.000806796 0.00330501 4.73002e-08 -151.469 0.00975413 32793.2 3.42673
2693.14 2134.18 0.883169 0.0001049 0.00417026 1.0886e-07 -153.723 0.0103579 33883.2 3.38487
2742.76 2182.92 0.871912 0.000265207 0.00175087 3.97157e-08 -149.126 0.0099562 36039.9 3.24735
2725.29 2189.11 0.881538 0.00116736 0.000492076 1.44626e-08 -143.734 0.0090611 33661.7 2.97889
2730.34 2185.01 0.86643 0.00630559 0.00380613 3.74917e-08 -147.093 0.00973936 33637.3 2.9011
2732.6 2161.58 0.858428 0.0154076 0.00225317 5.22922e-08 -149.546 0.0102372 31947 2.32506
2687.92 2134.57 0.87123 0.0135946 0.00021437 3.14357e-08 -142.71 0.0115534 36369.5 2.2419
2752.86 2204.85 0.864604 0.00186816 0.000399655 5.69204e-09 -140.094 0.0104162 33128.7 2.76908
2753.77 2229.32 0.862298 0.000702496 7.69722e-05 1.91321e-15 -143.677 0.00879712 35216.1 2.92988
2742.97 2179.95 0.852876 0.00316162 0.00181468 9.71971e-10 -142.238 0.00949442 36335.9 2.82874
