meanPX meanPY meanPZ varPX varPY varPZ meanAngle angleStdev NEFF elapsedTime
2429.62 2355.76 0.878243 0.30254 1.1661 2.14575e-09 -84.1569 3.27368 4117.6 3.29944
2458.83 2288.73 0.877157 9.91751 16.4624 9.0799e-07 -77.2241 2.84015 12614.5 3.30306
2414.87 2246.62 0.873031 4.38529 9.05014 4.46893e-07 -47.8913 3.09493 13753 3.14106
2475.14 2254.19 0.869492 3.83389 5.08967 1.89118e-07 -46.0459 2.4034 19854.1 2.70806
2474.69 2229.71 0.862957 5.67117 6.51185 1.50962e-07 -23.6581 1.89442 19167.9 2.70829
2397.31 2244.54 0.860046 3.97421 5.22811 7.26032e-08 -20.9156 1.70964 22229.5 2.87664
2425.26 2234.73 0.853792 2.86991 2.98839 5.68973e-08 -10.9567 1.41546 27694.5 3.36257
2337.02 2228.72 0.850517 5.11353 6.38803 1.374e-07 -3.28696 1.20124 26753.4 3.09302
2338.97 2227.74 0.852098 0.26947 4.50408 4.87582e-07 1.95695 0.871347 23779.8 3.26677
2453.29 2196.52 0.851911 0.963298 5.76868 6.7529e-07 -4.61977 0.955192 29861.6 3.45791
2436.98 2215.66 0.844939 0.578767 7.8213 7.7054e-07 2.55531 0.749071 30561.9 3.46633
2574.59 2193.34 0.846377 1.56646 9.84814 8.06328e-07 -10.8867 0.662087 26301.6 3.54255
2606.66 2197.7 0.844881 0.961905 5.00397 3.50361e-07 -14.8702 0.712046 26233.2 3.47871
2693.93 2207.77 0.84015 6.83466 22.0153 1.416e-06 -26.0641 0.534181 24411.2 3.38572
2769.16 2202.82 0.836733 2.3706 6.24037 4.27739e-07 -38.1983 0.520702 27367.8 3.44502
3007.05 2138.77 0.83669 27.5782 48.7161 2.26064e-06 -62.1856 0.265717 23189.5 3.44913
3064.32 2089.2 0.829269 15.5406 31.4308 1.47295e-06 -72.512 0.203889 23782.2 3.38999
3107.46 2059.07 0.832976 4.12938 8.34095 4.30393e-07 -73.5955 0.0970533 26730.8 3.54616
3142.55 2034.27 0.833965 3.25794 7.10107 3.66682e-07 -83.1835 0.05197 26210.2 3.33737
3154.19 1991.63 0.828138 4.49607 11.9978 5.65129e-07 -92.0172 0.039604 30512.7 3.20087
3145.13 1959.01 0.849911 0.307215 0.355252 1.66617e-07 -92.6927 0.023873 31071.7 3.35503
3146.91 1922.58 0.852181 0.62243 0.939537 3.27184e-07 -94.5912 0.0205245 33274.2 3.23066
3130.02 1878.11 0.8555 0.34844 0.627787 2.08237e-07 -99.1787 0.0206364 35335.5 3.23027
3133.3 1835.2 0.858062 0.146931 0.508215 1.98681e-07 -102.541 0.0172976 32461.8 3.36844
3106.69 1781.18 0.858025 0.240348 0.0796079 3.72712e-07 -106.535 0.0147199 33840.2 3.50511
3105.73 1733.12 0.873885 0.217494 0.108783 3.06972e-07 -106.74 0.0166933 29528.1 3.41759
3103.86 1677.91 0.876838 0.207653 0.0021176 3.40811e-09 -110.267 0.0135037 34017.1 3.41151
3098.46 1619.47 0.878967 0.167296 0.0250243 7.37557e-09 -113.555 0.010951 29942.4 3.63935
3086.54 1560.16 0.880111 0.0389403 0.0718553 1.01579e-07 -118.244 0.0102641 33119 3.687
3080.02 1516.56 0.881569 0.0464471 0.116311 1.66009e-07 -121.278 0.0112666 33176.1 3.70943
3055.99 1474.85 0.875313 0.0282906 0.0930435 1.77803e-07 -125.8 0.011582 34718.8 3.85697
3036.57 1406.86 0.910184 0.0207658 0.041116 3.53532e-08 -131.707 0.0105113 29039.3 3.78856
3023.88 1330.55 0.919694 0.0231111 0.112017 1.07795e-07 -140.752 0.013206 30543.3 3.70034
2989.89 1279.53 0.925528 0.020848 0.106529 7.27292e-08 -149.388 0.0140298 31783.9 3.78019
2952.14 1245.63 0.916001 0.0273239 0.0784371 3.35209e-08 -157.047 0.0160386 24727.1 3.46154
2907.9 1222.2 0.921388 0.13702 0.0564318 1.35482e-08 -153.879 0.0173008 29954.8 3.50631
2884.23 1231.41 0.917036 0.0664546 0.0159683 1.23106e-08 -150.084 0.0750167 20709.3 3.58253
2824.15 1179.92 0.943525 0.122373 0.0203844 3.22076e-08 -155.961 0.0285793 12733.9 3.43731
2822.61 1181.22 0.933923 0.0264592 0.00445806 2.54744e-08 -163.237 0.0675723 18434.8 3.66503
2798.53 1165.04 0.923025 0.038285 0.0157311 6.4591e-08 -165.291 0.032307 17969.6 3.5684
2757.87 1169.47 0.920806 0.0113037 0.0155633 5.22736e-08 -165.412 0.0300942 26673.6 3.32815
2707.39 1162.39 0.928026 0.00112598 0.00918009 2.2018e-08 -164.132 0.0323602 26977.1 3.33292
2625.02 1158.63 0.921183 0.0192727 0.0757181 7.97641e-08 -168.886 0.0185077 15029.4 3.60199
2585.48 1172.48 0.931093 0.0132069 0.0478171 9.80682e-08 -168.793 0.0191842 19930.8 3.42386
2512.81 1158.35 0.951867 0.1722 0.027148 1.39412e-07 -171.121 0.0115259 19988.1 3.50116
2459.09 1181.77 0.974964 0.0388797 0.047756 1.36771e-08 -174.117 0.0104139 19860.4 3.52945
2451.05 1177.86 0.990041 0.0712851 0.0622298 2.84831e-08 179.415 0.0593162 18653.1 3.50422
2388.75 1185.37 1.0171 0.125359 0.085612 5.19789e-08 176.801 0.0419603 22378.1 3.46724
2303.94 1180.38 1.03912 0.118735 0.0706993 2.03747e-08 175.705 0.0321569 25974.9 3.40443
2259.54 1176.09 1.06419 7.38897e-05 0.106874 3.00238e-07 169.345 0.0178536 22449.8 3.59039
2184.15 1149.17 1.06742 0.00219843 0.0619906 7.9946e-08 154.834 0.0138697 24183.6 3.44146
2138.69 1141.08 1.07246 0.00124658 0.042011 8.87778e-08 146.268 0.0108874 28307.7 3.59205
2067.04 1142.47 1.092 0.00971749 0.0273818 2.46348e-07 136.553 0.0121553 19520 3.42399
2049.42 1164.95 1.09135 0.00748003 0.0126169 3.79443e-07 135.311 0.0111038 31041.2 3.47338
1999.08 1221.71 1.09786 0.0291332 0.00595366 7.43175e-07 131.353 0.00844826 30299.2 3.37052
1969.59 1241.14 1.09272 0.0316764 4.65152e-06 8.41461e-07 129.218 0.00791993 29597.4 3.428
1926.4 1273.59 1.09069 0.00674228 0.00161539 4.00473e-07 124.325 0.00787871 26034.6 3.41739
1923.56 1300.97 1.08236 0.00754597 0.0036323 5.97077e-07 124.405 0.00936728 29992.1 3.43326
1897.85 1378.82 1.0994 0.0254044 0.0486261 1.29681e-06 123.621 0.00864717 25663.8 3.32831
1870.57 1415.64 1.07956 0.0580493 0.111759 1.06986e-06 124.193 0.00903207 27029.9 3.26829
1831.66 1486.39 1.09395 0.0421122 0.0103406 1.9235e-07 123.682 0.00918553 29804.6 3.28218
1783.35 1503.01 1.07475 0.0374262 8.90336e-05 2.61259e-07 125.067 0.0123585 27351.5 3.19409
1727.42 1527.57 1.06845 7.27295e-06 0.0892789 2.35626e-07 125.783 0.0116034 24349.5 3.12107
1709.58 1567.42 1.06742 0.000174092 0.148973 3.28021e-07 127.175 0.010806 26321.5 3.17759
1663.95 1607.42 1.07093 0.00359228 0.108095 2.38787e-07 127.01 0.0105296 27969 3.86451
1632.33 1629.61 1.06368 0.059202 2.30348e-05 1.49259e-07 128.059 0.0142487 28789.8 3.53709
1590.23 1661.94 1.05214 0.00136253 0.079618 2.23701e-07 127.986 0.0131457 32186.4 3.4866
1560.94 1691.99 1.05879 0.00110066 0.0647279 1.46642e-07 128.442 0.0104491 24715.7 3.54595
1520.89 1695.62 1.04807 0.000936069 0.0657222 2.32759e-07 121.452 0.00851828 19029.3 3.47717
1470.18 1714.77 1.03274 0.00409959 0.0716365 3.1566e-07 115.511 0.00723148 22292.6 3.38905
1436.13 1743.49 1.02035 0.00618576 0.0559816 2.97947e-07 110.147 0.010534 28021 3.36248
1400.86 1784.03 1.00909 5.97572e-05 0.0755032 8.15308e-08 103.002 0.0122861 29107.6 3.51702
1415.75 1837.41 1.01913 0.165655 0.356383 4.29042e-07 98.4823 0.0124824 27408.8 3.28864
1422.09 1889.18 1.00791 0.251154 0.594099 6.04486e-07 92.4537 0.016364 27509.3 3.46738
1429.9 1915.03 0.97251 0.188585 0.383155 4.82738e-07 89.3769 0.0138317 26367.3 3.44296
1456.59 1948.57 0.968643 0.254823 0.408715 5.86756e-07 88.9313 0.0136257 25918.1 3.33898
1479.3 1995.44 0.946748 0.216756 0.34374 5.51562e-07 87.4923 0.0101977 22676.6 3.42712
1488.66 2023.88 0.939521 0.159069 0.323291 4.39906e-07 89.7222 0.00901124 30417.1 3.4552
1497.09 2026.58 0.951587 0.0996571 0.221142 2.8276e-07 89.1098 0.00710702 31646.1 3.63962
1515.14 2083.74 0.954659 0.159805 0.413315 4.72306e-07 88.9423 0.00806246 30337 3.51351
1525.74 2103.03 0.974581 0.00745753 0.00365841 1.93243e-08 91.3993 0.00717138 31221.8 3.64783
1545.56 2126.11 0.965482 0.0110347 0.00810611 1.71012e-09 95.6574 0.00827526 35678.2 3.56904
1575.39 2158.46 0.992715 0.0252613 0.000285012 3.59079e-09 106.903 0.00841958 33369.2 3.55944
1569.61 2192.28 0.998132 0.00484446 0.00253162 3.53345e-09 110.227 0.00900653 35912.8 3.474
1563.03 2189.74 1.00029 0.0140591 0.0046259 4.90485e-10 110.042 0.0094061 30799.5 3.52181
1539.48 2240.22 1.00039 0.00285927 0.000213094 5.21993e-09 113.094 0.0117229 29516.6 3.51681
1512.7 2256.68 0.978127 0.00630548 0.00151672 9.66306e-11 113.922 0.0104695 28989.9 3.37944
1496.57 2300.96 0.984602 0.0104487 0.00578734 3.26607e-09 114.724 0.00915408 30009.9 3.29281
1493.28 2336.98 0.99816 0.044463 0.00296894 9.60541e-09 114.552 0.00997314 32378.2 3.63753
1450.75 2361.5 0.9921 0.000448067 0.00833617 2.48316e-08 115.388 0.00815489 32559.9 3.50387
1423.41 2381.86 0.992671 0.000945476 0.0029671 1.65746e-08 113.162 0.00835706 31379.4 3.58635
1405.56 2423.82 0.994273 5.02334e-05 0.00526913 2.26335e-08 108.806 0.00967111 34778.4 3.5016
1359.4 2441.31 1.00013 0.00357598 0.00515987 3.6407e-08 103.27 0.00808204 29341.2 3.36207
1355.72 2444.3 1.00375 0.000296632 0.000100528 2.89105e-08 104.113 0.0969648 36113.1 3.44952
1356.34 2443.76 0.994429 0.00353399 0.000354393 6.70848e-08 91.3112 0.122465 23444.6 3.4909
1357.28 2444.79 0.992381 0.000692716 0.00322556 5.2851e-08 84.5377 0.111912 23092.8 3.34018
1369.13 2485.75 1.02062 0.00110915 0.00940025 1.12551e-08 74.8307 0.0478327 22069.9 3.22481
1389.42 2548.48 1.01322 0.0115391 0.0167544 4.76671e-09 69.5117 0.0269102 28111.5 3.08953
1390.81 2572.61 1.02968 0.0240719 0.0323327 1.61772e-11 65.8813 0.0236895 29754.2 3.21304
1423.11 2633.95 1.03756 0.0534004 0.0582418 6.63484e-09 65.0844 0.0241632 32997.3 3.07688
1440.37 2686.61 1.03531 0.0565324 0.0458821 5.84562e-09 61.0887 0.0202927 36440.8 3.63097
1419.45 2727.58 1.02453 0.0295313 0.00877138 1.13073e-08 60.4097 0.0149111 26545.7 3.48621
1454.48 2756.69 1.04363 0.00609692 0.00119583 2.10126e-09 56.2929 0.0159637 32551.1 3.49654
1493.31 2825.42 1.04852 0.010601 0.0013589 8.51382e-09 51.2079 0.0135908 33718.6 3.43447
1511.99 2876.95 1.0616 0.00658032 0.00012709 2.10122e-08 48.565 0.0136582 29254.7 3.49508
1529.44 2920.33 1.05309 0.0139975 0.000117986 4.071e-08 50.3278 0.0137241 31440.9 3.56497
1565.24 2948.34 1.04329 0.00767108 0.000428049 2.44149e-08 49.7498 0.0186892 25877.5 3.89154
1590.73 2965.5 1.04508 0.018843 0.000144267 5.75702e-08 47.3735 0.0175714 33402.3 3.56009
1606.29 3031.81 1.0369 0.0313092 0.00167971 2.19234e-08 44.3624 0.0216269 25580.8 3.44057
1615 3041.72 1.03397 0.0847618 0.131633 2.73619e-07 44.5116 0.0207102 29406.8 3.45323
1649.61 3072.06 1.04902 0.0606027 0.0824422 1.41539e-07 44.353 0.0183949 30336.1 3.38535
1691.04 3117.65 1.05429 0.182701 0.2036 3.06358e-07 45.8173 0.0196265 28928.7 3.45798
1745.39 3133.36 1.05568 0.102695 0.269092 2.29545e-07 45.7005 0.0191743 31450.2 3.507
1751.02 3156.88 1.04936 0.0467068 0.124464 1.08934e-07 45.1128 0.0194217 32826.8 3.59402
1797.87 3192.17 1.06906 0.0488712 0.193261 7.91156e-08 45.8118 0.0221488 34377.8 3.47807
1837.45 3212.17 1.07369 0.0353555 0.301971 5.19048e-08 45.1385 0.0193947 29311.6 3.71235
1861.32 3248.55 1.07118 0.0119511 0.358522 2.98596e-08 44.3488 0.0196138 30464.8 3.41473
1909.57 3289.34 1.07568 0.00554093 0.691747 1.45621e-08 45.0294 0.0199171 29784.8 3.39919
1930.31 3324.06 1.03955 0.00226461 0.506296 1.2993e-08 43.8223 0.0174928 27555.9 3.33657
1986.94 3345.75 1.04844 0.0109018 0.0104079 5.42448e-08 45.8855 0.0194917 26526.3 3.13017
1955.59 3330.75 1.02894 0.063943 0.0260207 5.83934e-08 45.7692 0.0157542 29700.6 3.25003
2005.76 3345.6 1.03641 0.0606353 0.0238123 1.4514e-07 44.3251 0.0168222 30251.6 3.22556
2037.17 3386.04 1.04172 0.0245051 0.0025823 4.22062e-08 41.1395 0.0195217 25462.6 3.26785
2059.38 3457.44 1.00978 0.0768865 0.0014369 4.49196e-11 38.9541 0.0146916 20205.3 3.61951
2077.17 3492.12 0.99968 0.10224 0.00277731 8.29372e-10 32.0902 0.0106188 21062.6 3.51444
2115.23 3546.75 0.991845 0.0692512 0.0646332 1.71226e-07 25.936 0.00628489 18901.5 3.37025
2188.89 3615.7 0.99173 0.0657623 0.110516 2.18081e-07 19.7343 0.00522151 25868.2 2.87071
2217.14 3638.88 0.989436 0.107594 0.00148374 2.07041e-07 17.3555 0.0042298 23307.5 1.99816
2245.8 3678.68 0.989935 0.0302823 7.64904e-05 6.89569e-08 16.1182 0.0039978 26594.1 2.53976
2311.11 3686.31 0.986797 0.0277006 0.00141546 4.86139e-08 14.7107 0.00433531 28647.5 3.4408
2368.69 3705.68 0.996754 0.0187482 0.00732021 6.11614e-08 16.6199 0.0042571 30502.7 3.57048
2423.76 3739.18 0.988425 0.00233595 0.00106159 1.12473e-07 15.2992 0.00533568 32184.7 3.80286
2486.76 3747.5 1.00445 0.00414663 0.010025 1.71189e-07 14.4614 0.00618957 31477.5 3.50019
2560.19 3759.8 1.00371 0.00989986 0.0290509 1.64912e-07 13.1971 0.00749675 33880 3.8579
2625.71 3786.08 1.01131 0.00498644 0.0264868 1.28547e-07 11.3783 0.00769814 33011 3.61505
2788.01 3787.68 1.01845 0.0409448 0.00206368 1.41131e-07 6.3516 0.00742621 30922.9 3.50664
2892.58 3830.45 1.01555 0.00895247 0.0201614 6.23058e-09 0.18976 0.005482 21477.9 3.4253
2925.26 3824.45 1.0131 0.0135056 0.0218677 8.38367e-09 -3.053 0.00690647 29995.7 3.47905
2980.95 3842.18 1.01007 0.0167378 0.0128772 2.9122e-13 -5.94549 0.00800639 30264.6 3.40177
3014.53 3840.1 1.00942 0.00745611 0.00629841 4.92042e-09 -10.5622 0.0123418 33262.8 3.45692
3012.44 3816.87 1.00116 0.0135378 0.016393 1.67055e-08 -17.353 0.0156597 28777.6 3.54629
3052.95 3812.91 1.00481 0.0242104 0.0105179 2.22583e-08 -22.6525 0.0124435 29769.3 3.56777
3056.94 3809.16 0.989059 0.0179366 0.0150419 1.02797e-08 -26.8406 0.0124059 29585.1 3.52937
3078.57 3829.06 0.977885 0.0536954 0.0718588 6.39074e-08 -31.5426 0.0141232 21153.3 3.71
3118.47 3808.42 0.983834 0.0410398 0.0412013 3.73543e-08 -40.3283 0.0145537 32712.7 3.50084
3152.76 3783.32 0.97437 0.0395908 0.000267481 6.11467e-08 -47.3446 0.0140393 28048.3 3.86406
3217.47 3696 0.985773 0.0531222 0.0129851 7.03185e-08 -46.2537 0.0103647 25045.8 3.67974
3184.87 3712.59 0.983687 0.056879 0.00853215 1.14668e-07 -45.449 0.0100119 26533 3.5125
3150.8 3733.22 0.96462 0.0508275 0.0104413 1.76841e-08 -48.5462 0.009617 31495.6 3.60564
3141.62 3723.82 0.963749 0.00666788 0.215604 5.33406e-08 -50.2077 0.00766053 29997.6 3.60475
3157.42 3721.23 0.959167 0.0062569 0.447258 1.01787e-07 -58.4905 0.00861363 29972 3.16748
3174.8 3698.06 0.945473 2.78639e-05 0.991017 2.46149e-07 -64.1401 0.00950013 30696.6 3.09312
3196.72 3699 0.932466 8.93672e-05 0.850082 1.53135e-07 -68.2915 0.00888678 30275.6 2.39721
3225.32 3673.14 0.935246 0.00949 1.17108 2.34946e-07 -72.8145 0.00872285 31825.4 2.16266
3231.1 3640.65 0.929847 0.0328166 0.857585 2.32012e-07 -78.4905 0.00956228 33622.9 2.74395
3248.57 3630.22 0.931606 0.0483816 0.890188 2.33439e-07 -85.7561 0.00836319 31237.1 3.39272
3246.37 3626.22 0.926061 0.0437825 0.00338379 9.12584e-09 -90.0043 0.00914692 32365.8 3.26792
3249.85 3588.2 0.928899 0.0756449 0.00408367 4.90615e-09 -90.7612 0.0100473 33400.8 3.39774
3233.77 3564.7 0.938689 0.00185906 0.00571294 1.52251e-08 -93.8243 0.0116378 32605.4 3.32557
3219.66 3541.3 0.936377 0.000175947 0.00160202 6.47255e-09 -94.8981 0.0116507 32801 3.68821
3195.9 3475.48 0.934761 0.000640874 0.00101602 4.17525e-09 -95.5175 0.0104533 33128.8 3.36074
3182.06 3407.26 0.939384 0.00440212 4.42519e-05 1.43731e-08 -95.386 0.0106706 33751.4 3.59262
3173.73 3370.92 0.934491 0.00755743 0.000190098 4.00341e-09 -95.412 0.00923756 32733.1 3.40285
3169.45 3362.38 0.918277 0.0221649 4.62175e-05 1.45597e-08 -97.584 0.0110234 30027.9 3.32694
3144.64 3311.66 0.920015 0.0163194 0.00122097 5.11263e-10 -98.6576 0.011866 36317.1 3.16654
3151.92 3310.38 0.906184 0.033419 0.00844105 9.08454e-09 -97.8826 0.0111464 34195.8 3.00839
3142.54 3262.85 0.905166 0.0109091 0.00337455 1.24173e-08 -97.208 0.0100067 35424 3.28003
3146.02 3252.61 0.888333 0.0115509 0.000558702 1.19362e-08 -95.6388 0.0110544 32914 3.11009
3166.34 3211.25 0.893824 0.00825339 0.000828587 1.18399e-08 -98.1958 0.0119645 33838.9 3.20234
3162.12 3176.56 0.880964 0.004309 0.00178521 1.7178e-09 -98.9491 0.0128432 33394.2 2.48319
3160.52 3137.6 0.882798 0.00267927 6.0465e-07 1.46018e-08 -96.3767 0.0116678 33468 2.19101
3165.1 3127.99 0.870896 0.00034832 0.00200033 1.08037e-09 -96.0694 0.0115264 32700.1 2.67628
3179.28 3111.88 0.873052 0.000437401 0.00491924 1.11859e-10 -96.3885 0.012947 35975.9 3.30801
3176.48 3093.09 0.874608 0.000152728 0.00629909 3.8685e-09 -96.0062 0.0127605 33852.1 3.54509
3170.67 3062.39 0.880683 0.000178979 0.00249655 6.07324e-09 -95.359 0.0107707 31339.3 3.6061
3167.44 3063.75 0.876787 0.000457432 0.00119082 1.09677e-09 -94.8891 0.0626379 25308.3 3.47497
3158.41 3031.81 0.87271 0.00502568 0.00690298 1.78315e-08 -97.7215 0.0428059 23432.9 3.35644
3149.5 3024.15 0.8738 0.00155405 0.0114201 2.93181e-09 -95.2162 0.0375022 30763 3.4591
3148.67 2990.26 0.846017 0.0098383 0.0145834 3.70187e-09 -95.5057 0.0297777 31240.3 3.33309
3129.63 2951.39 0.872978 0.0258523 0.0479049 3.94994e-09 -97.2846 0.0392391 34415.8 3.29634
3134 2929.46 0.871284 0.0206466 0.0324639 1.44575e-08 -96.9178 0.0357795 35227 3.38563
3129.4 2928.8 0.873986 0.0262528 0.0271553 2.00812e-09 -100.814 0.0767451 29891.6 3.46591
3124.36 2896.5 0.876209 0.0678996 0.0504755 8.80006e-09 -99.0657 0.0726769 32478 3.42359
3127.23 2855.21 0.874276 0.0990795 0.0637255 5.72779e-11 -96.0335 0.0766201 35139.3 3.19145
3129.89 2837.78 0.873408 0.181617 0.130934 1.16774e-08 -100.36 0.0757498 32604.2 3.20753
3131.59 2791.09 0.872021 0.227548 0.129803 1.41478e-08 -97.8241 0.0610101 31067.5 3.08673
3125.47 2772.67 0.867392 0.160342 0.0590372 6.25552e-09 -97.7126 0.0670897 33348.9 2.74297
3111.03 2723.74 0.879875 0.206031 0.0854707 1.55488e-10 -96.9683 0.0533152 33556.4 3.03025
3097.15 2690.94 0.875772 0.466203 0.155121 2.12777e-10 -97.2587 0.0599228 35105.5 2.9763
3111.28 2644.43 0.858398 0.867118 0.21746 2.22712e-11 -98.6234 0.0581469 34458.2 2.63727
3119.08 2652.94 0.840061 0.217354 0.00189503 5.96392e-08 -107.885 0.0404042 29325.3 2.05213
3158.83 2506.51 0.876047 0.942035 0.00224536 1.26949e-07 -138.848 0.0562875 27888.7 2.66874
3151.08 2379.47 0.878558 1.72863 0.0130007 1.19871e-07 -157.953 0.0312607 19868.3 3.25297
3127.47 2437.5 0.894181 0.353429 0.0074549 1.79328e-08 -157.412 0.0234413 27921.9 3.20401
3118.93 2457.73 0.893338 0.000394279 0.0018036 1.57808e-08 -156.353 0.0231917 33520.3 3.20257
3086.79 2473.68 0.898249 5.5787e-05 0.00227276 1.5012e-09 -155.6 0.0234753 34867.9 2.92134
3039.74 2478.24 0.900022 0.0038451 0.0149229 4.96746e-09 -156.184 0.0220667 34164 2.97342
3022.42 2478.65 0.902329 0.000776408 0.0196941 2.14676e-10 -154.695 0.019101 35235.4 3.18994
2970.24 2457.56 0.91417 0.00108151 0.0433886 4.5299e-09 -152.883 0.0181411 34545.2 3.12898
2949.11 2457.02 0.908825 0.0055857 0.0485945 2.815e-11 -150.975 0.0150103 30842.9 2.64389
2957.89 2450.98 0.928262 0.0261411 0.0765287 1.42358e-08 -150.772 0.0172589 33304.5 2.00212
2925.08 2429.82 0.91704 0.0271392 0.0796313 2.80454e-08 -150.852 0.0135643 32211.1 2.46465
2887.68 2425.16 0.906274 0.0268016 0.0731652 6.43942e-10 -147.862 0.0110867 28122.8 2.97365
2853.15 2371.67 0.903719 0.0163331 0.103939 1.33338e-08 -149.417 0.00987021 33996.3 3.01152
2815.79 2363.41 0.893888 0.014855 0.14305 1.14782e-08 -148.824 0.0138662 34708.9 3.2275
2787.29 2331.11 0.866366 0.00940709 0.0543791 1.10679e-08 -149.175 0.0178278 31118.5 2.69104
2715.58 2265.11 0.864077 0.0187271 0.0487214 6.78127e-08 -150.306 0.011371 30192.3 2.00558
2606.29 2322.39 0.902264 0.0354061 0.0218789 4.05867e-08 -151.312 0.0123579 33107.8 2.66588
2619.44 2267.32 0.891888 0.0531615 0.025815 4.4221e-08 -150.194 0.00973122 32272.2 3.44134
2638.65 2132.57 0.871055 0.0475745 0.00191551 1.94731e-07 -151.282 0.00831756 25020.5 3.40887
2655.22 2010.99 0.865815 0.0362125 0.00129043 1.44284e-07 -151.318 0.00827825 30381.3 3.21366
2682.44 2134.97 0.891283 0.0141499 0.000143187 9.99124e-08 -153.797 0.00936052 34215.1 3.07724
2697.86 2131.88 0.88467 0.0120751 0.00769197 1.53204e-07 -156.648 0.00751485 29076 3.172
2712.06 2205.45 0.883954 0.0845843 0.00206064 4.85179e-08 -156.061 0.00962374 33290.4 3.60425
2702.69 2153.22 0.867873 0.112517 0.00596463 8.14559e-08 -151.667 0.00967495 32883.2 3.52489
2697.68 2137.2 0.864874 0.00143692 0.024068 7.75267e-10 -151.345 0.00907864 32267.6 3.37138
2746.35 2188.71 0.853356 0.00358717 0.00621523 2.39967e-10 -147.194 0.0100957 36752.2 3.26464
2726.98 2188.55 0.860333 0.00839104 0.00698692 1.49231e-08 -142.709 0.00935671 33926.8 3.08964
2728.91 2180.09 0.842153 0.0147287 0.00261487 1.27056e-08 -147.494 0.0110258 30923.6 2.27022
2728.45 2160.36 0.843158 0.010967 0.00423622 4.86211e-08 -147.564 0.00730286 31550.1 2.23841
2683.71 2135.47 0.851514 0.0217882 0.0130322 5.49289e-09 -142.441 0.00780787 32808.8 2.93328
2743.58 2201.93 0.855248 0.0082098 0.001122 3.61944e-09 -140.107 0.0090171 36763.6 3.06965
2743.16 2227.23 0.839063 0.0268739 0.000433591 2.02195e-08 -143.102 0.00893467 33867.9 2.86165
2733.52 2179.09 0.835649 0.0430705 0.00108653 7.94356e-15 -142.251 0.00983241 35493.9 2.44747
