2410.02 2383.94 1.609 0.210235 3.0465 5.89407e-05 -77.8634 4.30505 2266.19 1.43033
2468.53 2326.67 1.39254 0.00340021 0.98412 2.87751e-05 -76.6052 3.83826 11737.7 1.71266
2500.81 2335.18 1.26739 0.00673308 0.261895 1.81459e-05 -68.4987 3.57759 14819.8 1.70279
2582.22 2298.29 1.1337 0.0171626 0.796711 5.81452e-05 -36.5973 3.8691 15105.3 1.55418
2737.22 2286.49 1.02335 0.00066012 0.235945 4.6063e-05 -1.65841 3.07208 15323.6 2.03188
2807.85 2308.66 0.937496 0.000296715 0.0457265 3.73316e-05 3.85201 2.19361 18594.9 1.18511
2857.67 2310.75 0.839007 0.0386017 0.000904688 3.88746e-05 7.54079 1.87611 19332.1 2.27006
2925.33 2377.28 0.787931 0.0695103 0.197219 3.92008e-05 15.7606 1.44981 26021.6 2.28675
2931.22 2297.69 0.778208 0.732695 0.133287 6.66348e-05 8.64079 1.26042 28564.7 2.44233
3076.1 2290.29 0.764727 0.157448 0.0785521 3.2213e-05 13.2972 0.84341 28731.3 2.54984
3084.98 2218.88 0.784927 0.819508 0.0247726 4.27744e-05 5.93934 0.608274 25775 2.81345
3195.44 2262.05 0.75009 0.322917 0.0171388 1.88279e-05 11.3431 0.638327 29863.9 2.92846
3122.89 2196.01 0.762607 0.677594 0.000664536 2.0955e-05 1.88991 0.709393 28477.7 2.65544
3150.07 2228.21 0.759256 2.29289 1.92351 6.04394e-07 -0.276829 0.818574 27941.6 2.61954
3091.94 2171.01 0.797647 1.5063 1.88131 3.0232e-07 -22.5094 0.730246 24228.1 2.59204
3096.9 2186.35 0.850561 4.4723 4.03389 1.76334e-06 -43.0101 0.445716 20395.3 2.46806
3091.31 2136.54 0.875746 4.4133 4.1005 1.95415e-06 -55.5 0.318532 24833.1 2.49784
3072.06 2143.86 0.900891 1.91674 1.60512 1.15926e-06 -54.5846 0.121458 25304.6 2.87468
3093.48 2124.23 0.928397 0.0136201 1.34449 2.79018e-08 -65.0375 0.0607219 29799.1 2.69857
3123.59 2088.02 0.924724 0.0729882 0.688886 1.09125e-08 -73.0772 0.0757096 34412.5 2.6129
3119.37 2048.99 0.939424 0.0248751 0.225409 3.37992e-09 -75.4302 0.0302652 33565.2 2.52071
3122.62 2008.8 0.943077 1.11461 0.0370943 2.94521e-06 -77.9747 0.0281639 36277.6 2.59804
3134.87 1957.03 0.946918 1.02829 0.00389539 3.23955e-06 -81.6532 0.0215061 34588.5 3.06844
3141.09 1905.63 0.96361 0.631182 0.00611293 2.37424e-06 -87.7761 0.0197279 30498.5 2.93906
3137.58 1832.54 0.978257 0.248122 0.00292309 1.57144e-06 -92.0554 0.0180017 32262.6 2.57957
3134.77 1779.94 0.983355 0.269773 0.0450111 2.70243e-06 -94.6492 0.0156913 33194.5 2.77577
3138.13 1710.52 0.993153 0.843623 0.0351123 1.97848e-06 -99.0971 0.0132067 31525.1 2.80982
3125.86 1648.54 0.982622 0.249992 0.0192106 4.04759e-07 -104.782 0.0100531 27591 2.76456
3111.47 1573.4 0.999594 1.06743 0.17717 1.40192e-06 -111.27 0.00873994 25795.5 2.54201
3094.82 1521 1.00021 0.484023 0.0602819 3.07099e-07 -116.322 0.00913595 25368 2.7455
3073.02 1473.35 0.987428 0.434467 0.0498436 2.4717e-07 -121.234 0.00951052 28838.6 2.86418
3056.99 1413.33 0.996699 0.035692 0.0428467 1.16717e-07 -126.752 0.0111734 34112 2.92143
3036.05 1332.56 1.01406 0.0190871 0.0144471 1.96147e-09 -136.988 0.0120859 34634.7 2.52588
3010.23 1277.97 1.00734 0.0574962 0.0130946 8.22769e-09 -144.94 0.0128228 36187.2 2.49415
2986.29 1230.25 1.00786 0.102742 0.0113549 2.43603e-08 -151.869 0.0144626 35734.1 2.79972
2922.75 1196.27 1.02296 0.0674422 2.26682e-05 8.04088e-09 -151.488 0.0125646 29857.3 2.98764
2911.1 1193.76 1.03411 0.183661 0.00585352 4.1783e-08 -146.689 0.0721678 24335.6 2.86562
2846.33 1154.83 1.0537 0.0491169 0.00133678 4.67262e-09 -159.261 0.0590612 22841.2 2.60629
2848.94 1145.88 1.05563 0.069489 0.00831559 1.0158e-08 -158.057 0.075448 21506.3 2.69833
2811.52 1127.35 1.05944 0.0552647 0.000690874 1.02287e-09 -166.183 0.0759526 24829.6 2.59521
2767.52 1135.98 1.06383 0.0456672 4.03269e-05 3.88999e-09 -166.436 0.0617248 26899.4 2.60916
2691.12 1141.89 1.08874 0.0256271 0.0135371 1.4667e-08 -168.863 0.056562 23937.6 2.80832
2612.82 1144.15 1.0952 0.00984238 0.0153715 8.24656e-11 -171.715 0.0565663 29375.2 2.52894
2558.45 1182.86 1.12228 0.0164908 0.0459748 1.11436e-10 -176.728 0.0394754 21461.8 2.47299
2484.34 1170.06 1.14495 0.0066644 0.0766184 1.71465e-08 -175.803 0.0318279 31595.2 2.6504
2431.74 1193.83 1.17 0.00828881 0.134975 2.30543e-08 -176.846 0.0351097 31930.8 2.46646
2425.21 1186.37 1.18068 0.00597772 0.13758 1.61135e-08 178.024 0.0923543 26772.7 2.60178
2354.78 1187.25 1.19907 0.00735542 0.151262 8.32144e-10 179.36 0.0451748 22379 2.74037
2263.07 1165.3 1.22114 0.0127546 0.0837299 1.22647e-09 179.848 0.0385292 23861 2.51736
2228.95 1145.88 1.2233 0.00135255 0.0393491 8.88639e-09 172.267 0.0414899 24203.5 2.66112
2151.41 1119.98 1.20253 0.0228338 0.0193565 2.04944e-08 161.931 0.0268506 22685.1 2.66817
2099.35 1113.57 1.19595 0.018765 3.85589e-05 3.01824e-09 150.138 0.0206843 25224.6 2.85381
2032.63 1137.83 1.20202 0.0003716 0.0403372 7.12907e-09 138.787 0.0190467 28460.7 2.64484
2025.76 1159.48 1.17476 0.000273536 0.0322093 4.11004e-09 134.8 0.0148237 23095.5 2.55831
1974.66 1235.72 1.1951 0.0007654 0.0128001 1.54119e-08 128.771 0.0140527 28821 2.62786
1950.66 1258.25 1.18665 0.00156926 0.0058967 6.2222e-09 125.887 0.0143566 31647.2 2.56491
1918.08 1290.99 1.16815 0.0110804 0.0175294 2.26943e-08 120.874 0.0118971 23074.1 2.848
1910.99 1318.84 1.1552 0.00711594 0.0407935 1.60319e-08 122.051 0.010688 26885.4 2.67735
1890.87 1404.73 1.17985 0.00390619 0.082521 5.68138e-08 122.764 0.0104651 29987.7 2.68275
1865.42 1437.38 1.15011 0.0404985 0.0147013 6.11549e-08 126.038 0.00845926 20789.5 2.66183
1819.63 1512.07 1.17618 0.0400144 0.0154116 1.88796e-07 125.382 0.00949907 29443.5 2.57936
1765.48 1536.54 1.16648 0.0658068 0.0836496 5.78251e-07 127.787 0.0114808 26406 2.65067
1709.61 1577.35 1.17937 0.0243674 0.0132184 1.42926e-07 127.617 0.0132962 30852.9 2.47983
1687.62 1616.35 1.1795 0.056878 0.0403821 2.48734e-07 127.137 0.0159305 22320.7 2.42614
1647.75 1638.93 1.14483 0.128973 0.161238 6.13969e-07 128.275 0.0160244 20327 2.43712
1608.38 1677.65 1.15604 0.357847 0.363849 1.69344e-06 127.22 0.0159014 27514.1 2.5899
1574.79 1679.44 1.09845 0.140141 0.148359 5.25177e-07 127.158 0.0139998 23510.4 2.71398
1552.84 1692.79 1.07403 0.311997 0.306603 1.08661e-06 128.164 0.0111449 17572.9 2.82169
1516.39 1700.86 1.07652 0.108519 1.00432 6.6611e-07 122.892 0.0103891 18458.1 2.755
1467.61 1717.89 1.06091 0.0776631 1.18749 7.10826e-07 115.774 0.0104946 23538.6 2.5149
1433.92 1745.12 1.04856 0.142421 2.07765 1.07707e-06 110.965 0.00909299 24227.1 2.51685
1398.42 1789.44 1.04335 0.00522734 0.618933 4.21017e-07 104.12 0.00973908 27942.9 2.49169
1408.99 1839.47 1.05449 1.69202e-06 0.203525 2.59862e-07 99.4099 0.00981521 28875.3 2.55237
1420.64 1888.74 1.03634 4.61327e-06 0.387313 5.8774e-07 91.7392 0.0082376 17336.3 2.72943
1424.93 1912.96 1.00718 0.0442603 0.0577321 1.30159e-07 89.7743 0.00845147 26321.8 2.98282
1450.22 1942.22 0.99561 0.0123198 0.0210249 6.17981e-08 88.8687 0.00725077 23279.1 2.61984
1473.18 1994.75 0.99007 0.0136879 0.00731338 1.06718e-07 89.0549 0.00839471 30932.3 2.49306
1493.26 2026.59 0.979854 0.0119069 0.0058946 5.6437e-08 88.725 0.00910416 29314.7 2.86229
1498.57 2034.15 0.998422 0.0143263 0.00868159 1.95799e-08 88.8593 0.00986642 31629.6 2.83255
1503.75 2090.96 0.991291 0.0113048 0.0142176 8.26421e-08 89.8246 0.00868761 32075.7 2.7889
1518.4 2108.32 1.0006 0.00802847 0.00595031 6.97493e-08 90.9084 0.0100025 34963.2 2.6906
1535.37 2133.77 0.993599 0.00673873 0.0113503 2.10754e-07 96.8772 0.00829008 31927.3 2.81887
1567.46 2163.69 1.02795 0.000760314 0.00526999 3.76002e-07 106.791 0.00848605 32698.3 2.7888
1557.93 2200.42 1.03384 5.00221e-05 0.0121759 5.24753e-07 110.989 0.00963164 35217.9 2.67141
1553.94 2202.83 1.04999 0.00060632 0.00424687 4.6507e-07 111.164 0.00892979 33023.1 2.52977
1530.39 2251.54 1.04767 8.06117e-05 0.0116105 1.83172e-07 110.458 0.00973678 34120.1 2.59997
1505.58 2278.56 1.04624 0.000975159 0.0216223 1.76019e-07 112.579 0.00872902 31063.1 2.72055
1491.33 2327.94 1.06072 0.00285182 0.0179305 4.53463e-08 112.681 0.0113605 37176.5 2.88916
1490.18 2369.04 1.08406 0.0278922 0.0589185 9.20844e-08 110.561 0.0115025 37327.4 2.64036
1448.6 2397.05 1.069 0.0339388 0.0436645 8.44245e-08 112.186 0.0114197 33267.4 2.66118
1421.31 2426.45 1.08859 0.0356879 0.0259452 1.68698e-08 110.135 0.010962 36433.5 2.89844
1405.75 2466.65 1.08805 0.0195875 0.0212882 2.08652e-08 105.993 0.0139393 36274.2 2.69591
1357.57 2482.93 1.07941 0.00680619 0.0334047 1.69721e-08 99.4538 0.0132653 31507.8 2.63537
1353.78 2487.48 1.08753 0.011028 0.0407236 9.75309e-09 97.8097 0.0567012 29541.6 2.66242
1351.85 2493.85 1.09445 0.00592962 0.0279868 7.3379e-09 91.5327 0.0719255 25773.2 2.69186
1344.97 2496.34 1.09915 0.0165748 0.0337585 1.1432e-08 85.5755 0.0973494 25578.8 2.74584
1354.49 2537.47 1.12582 0.126405 0.0538326 8.42462e-07 78.501 0.0811298 29962.8 2.71995
1371.95 2609.32 1.13039 0.0241322 0.167446 1.17348e-07 74.2091 0.0558848 31589.4 2.49986
1368.06 2626.42 1.12305 0.0392349 0.0146233 1.23286e-07 71.2443 0.0344134 30776 2.55599
1396.25 2696.58 1.14134 7.54048e-05 0.0613305 9.17834e-07 69.8673 0.0252543 31523.5 2.76612
1401.59 2766.32 1.14997 0.00452092 0.0728701 7.9107e-07 68.3342 0.0172262 28687.3 2.57362
1387.67 2816.35 1.15786 0.00225416 0.0859584 6.59473e-07 63.9215 0.0130988 27825.3 2.55436
1420.9 2858 1.1831 0.0223417 0.132776 1.05767e-06 61.1768 0.0116181 29831.3 2.51672
1461.3 2934.12 1.18725 0.00620076 0.0427756 3.3212e-07 55.4111 0.0111637 31372.4 2.6698
1480.61 2994.93 1.20544 0.0263545 0.135197 6.63443e-07 54.7741 0.0115537 32982.4 2.58338
1500.02 3049.72 1.20459 0.0374584 0.156184 5.3917e-07 56.1718 0.0146276 29995.4 2.66466
1538.56 3076.44 1.19544 0.0556647 0.129794 4.75898e-07 57.8668 0.0164048 25994.7 2.75596
1573.71 3135.88 1.2308 0.170887 0.168299 9.59061e-07 55.0892 0.0192519 20933.1 2.82914
1575.15 3189.51 1.2094 0.29891 0.228225 9.18975e-07 55.4382 0.0355448 23954.5 2.59431
1591.45 3211.29 1.20969 0.109852 0.094446 3.17816e-07 55.3522 0.0364735 31353.5 2.48805
1610.67 3235.1 1.19874 0.145874 0.101813 3.03117e-07 56.8788 0.0569627 29032.6 2.46187
1646.92 3259.5 1.18349 0.24651 0.203805 4.33428e-07 55.7202 0.0666986 26494.7 2.67448
1562.82 3282.27 1.12232 1.06479 0.351011 9.03797e-07 65.5467 0.093643 15144.6 3.18011
1558.92 3293.89 1.10941 0.7794 0.170348 2.64112e-07 65.7597 0.098712 26160.7 2.85832
1651.33 3337.33 1.14276 0.513315 0.202457 2.49149e-07 59.2368 0.103349 26304.6 2.53344
1686.39 3377.39 1.14934 1.48143 0.0710811 5.28871e-07 57.9085 0.10653 30258.6 2.50581
1723.74 3424.92 1.15783 1.05513 0.0703107 2.59949e-07 54.4055 0.101066 27850 2.56136
1901.09 3471.75 1.22424 0.693961 0.151923 6.08314e-08 43.7159 0.0778045 19527.2 2.76623
1934.17 3500.52 1.2155 0.371924 0.109617 1.5187e-08 42.6321 0.0889501 28667.4 3.07718
2062.27 3538.59 1.24724 0.16186 0.0348129 1.49916e-07 38.8092 0.0474022 27126.9 2.77331
2068.77 3527.68 1.27329 0.055464 0.0244101 7.32008e-08 38.4897 0.0361996 28515.5 2.73004
2135.63 3539.83 1.28649 0.00971516 0.021167 1.6575e-08 35.4599 0.0339445 29778.1 2.54894
2181.33 3602.12 1.31471 0.0437397 0.00463464 4.72448e-08 34.1091 0.0327488 28031.9 2.51034
2264.41 3644.97 1.31384 0.0492264 0.0519734 1.23579e-07 27.5068 0.0475841 24895.2 2.61065
2293.85 3674.61 1.30711 0.0642801 0.0433847 2.98032e-07 21.1113 0.0585415 21921.8 2.61646
2341.65 3669.86 1.25374 0.364839 0.184173 5.79102e-07 14.6698 0.0473909 17179.4 2.61074
2286.64 3658.41 1.07643 2.26361 0.593897 2.94378e-06 12.9737 0.0303571 7238.01 2.87996
2258.92 3649.08 1.01234 0.8385 0.186438 1.14831e-06 13.3903 0.0178744 11757.4 2.55244
2259.22 3680.53 0.994622 2.24291 0.190593 2.04577e-06 13.1705 0.0100977 17906.1 2.49869
2315.66 3683.87 0.989052 3.71646 0.0657051 2.09099e-06 11.9605 0.00675461 26557.6 2.48991
2379.43 3701.45 1.00596 3.1671 0.0248977 1.77382e-06 14.215 0.00617913 27851.5 2.67001
2436.11 3729.37 1.00585 0.931344 0.00207976 4.33666e-07 12.6825 0.00618062 30887.3 2.76576
2491.62 3741.06 1.01041 1.96187 0.000109735 9.14357e-07 13.7895 0.00806469 34509.7 2.53125
2560.3 3761.08 1.00282 0.00941825 0.0128658 1.0568e-07 15.1099 0.00900254 28358.8 2.53625
2632.48 3789.83 1.02545 0.0191019 0.0130826 2.10054e-07 13.1329 0.00951264 31767.7 2.65258
2799.72 3806.67 1.04101 0.0339802 0.00443554 1.71737e-07 9.95357 0.00783295 27246.5 2.66636
2904.85 3865.35 1.0449 0.0335283 0.0234203 2.72841e-07 5.16436 0.0122928 30287 2.59152
2924.51 3877.59 1.03155 0.0540792 0.0312059 2.34222e-08 5.31566 0.0118305 25481.8 2.77242
2992.73 3894.31 1.03919 0.0460676 0.0394577 2.47196e-08 0.0456233 0.0138171 32038.8 2.59503
3007.66 3902.92 1.02324 0.0548045 0.0282709 1.54704e-08 -2.25298 0.0124837 25717.9 2.50973
3009.69 3883.33 1.01843 0.0735862 0.0254865 5.95613e-08 -7.51324 0.0157638 31266.9 2.5553
3044.65 3893.34 1.01952 0.0559558 0.0225845 2.59997e-08 -11.5657 0.0184452 31238.4 2.68836
3065.31 3882.84 1.019 0.114078 0.00211847 1.79127e-08 -16.6351 0.0188963 31062.7 2.74555
3079.87 3885.59 1.00955 0.0973008 0.00066549 2.99285e-08 -25.4461 0.0170091 28778 2.63747
3116.95 3873.88 1.01033 0.298116 0.0112956 2.02976e-07 -32.9432 0.0194857 32452.2 2.58347
3171.49 3840.31 1.01392 0.104052 0.00766579 7.28158e-08 -41.3137 0.0191933 32205.9 2.68952
3243.74 3726.8 1.03071 0.0670692 0.00186933 2.29406e-08 -42.9496 0.0151055 22712.5 2.75448
3212.89 3729.4 1.03636 0.26788 0.035641 2.68184e-08 -43.2941 0.0166607 29078.5 2.76229
3176.18 3745.26 1.02352 0.0972177 0.00722729 3.4982e-09 -44.5791 0.0137887 29527.5 2.43409
3167.43 3730.38 1.02006 0.126633 0.00579067 1.07269e-07 -48.8309 0.012707 29856.5 2.38108
3177.41 3715.64 1.01816 0.15725 0.0184113 1.52681e-07 -55.5006 0.0153282 30329.9 2.59362
3197.36 3699.34 1.00362 0.0608212 0.00218563 1.25511e-07 -62.9728 0.0130852 30843.2 2.59706
3221.95 3696.41 1.0031 0.0911322 0.00152019 1.48406e-07 -68.0707 0.0134729 32679.7 2.5329
3249.78 3667.81 0.997717 0.0977531 0.00485776 2.13748e-07 -72.1916 0.0123861 30998.5 2.41785
3256.32 3630.44 0.992864 0.125002 0.0066633 1.84933e-07 -79.0408 0.0131195 31494.4 2.31165
3279.52 3612.58 0.996923 0.119452 0.0143618 2.99952e-07 -85.3535 0.0118523 31169.4 2.22084
3276.05 3609.09 0.999043 0.494202 0.16214 3.8818e-08 -89.9862 0.0134676 32743.6 2.22852
3274.64 3575.47 0.988715 0.279743 0.0957537 4.64239e-08 -91.1277 0.0140616 33653.6 2.45151
3264.96 3541.46 1.01186 0.00228421 0.139801 1.77311e-08 -93.2824 0.0153211 33604.4 2.48644
3250.38 3516.91 1.00443 2.69014e-05 0.120329 2.34322e-08 -92.5709 0.016405 31025.4 2.61697
3223.95 3462.58 0.986226 0.00122765 0.0970249 1.09008e-07 -95.9363 0.0156498 26525.3 2.45149
3205.97 3394.78 0.989681 0.00200806 0.0755599 1.11946e-07 -96.765 0.0148334 29712.4 2.20301
3197.65 3355.52 0.984378 0.0337861 0.0341954 2.05906e-08 -96.9678 0.0150645 33938.1 2.19496
3198.48 3362.05 0.961062 0.0247251 0.0171557 2.63114e-08 -96.2537 0.0158878 29431.3 2.10026
3172.27 3314.57 0.951137 0.050955 0.272049 6.78905e-07 -99.0037 0.0155915 30985.2 2.13535
3180.51 3324.78 0.919607 0.0334422 0.421829 5.98788e-07 -97.3068 0.0154679 31607.7 2.13964
3169.98 3280.34 0.922735 0.00309076 0.0780662 1.46278e-07 -97.1125 0.0173557 33478.7 2.22518
3174.88 3263.74 0.911228 0.0073596 0.147605 2.51176e-07 -98.5784 0.0193937 33572.5 2.31062
3194.04 3217.78 0.904559 0.00665363 0.146214 2.58296e-07 -99.6751 0.0191109 34352.9 2.70605
3181.25 3178.84 0.898015 0.0202903 0.230381 4.0192e-07 -102.812 0.0230785 31014.8 2.78512
3172.47 3140.09 0.892863 0.0614983 0.227664 3.85752e-07 -102.619 0.0193291 32935.6 2.58919
3180.24 3125 0.890904 0.063879 0.224216 2.94794e-07 -103.359 0.0183001 30700.8 2.48912
3187.13 3110.31 0.885121 0.0254054 0.0939904 9.46825e-08 -103.42 0.0185999 34067.9 2.59142
3177.09 3085.93 0.888945 0.0323512 0.123392 1.07566e-07 -104.918 0.0232395 33572.9 2.63166
3162.8 3064 0.885835 0.0520251 0.191683 2.20859e-07 -105.285 0.0262659 33447.8 2.82389
3163.9 3068.39 0.879009 0.0153428 0.0728171 1.08508e-07 -110.154 0.0852281 29805.9 2.94563
3144.19 3050 0.861848 0.0537569 0.0054345 5.15297e-08 -113.307 0.0872474 28660.1 2.68083
3141.58 3037.82 0.864212 0.0144178 0.0605246 2.66783e-08 -109.223 0.0791999 30464.6 2.54712
3112.63 3004.21 0.838625 0.0158631 0.0455729 2.01715e-07 -117.525 0.069028 28789.4 2.48953
3092.75 2969.11 0.867759 0.012035 0.0511735 2.04845e-07 -115.646 0.0775363 31978.7 2.65027
3097.34 2952.86 0.859199 0.00170561 0.0269178 7.94043e-08 -114.236 0.0869656 29912.7 2.67747
3108.34 2959.17 0.851912 0.00954585 0.062785 3.54034e-07 -113.327 0.133502 29214.7 2.95708
3105.33 2928.5 0.855453 0.00968954 0.0588289 2.35017e-07 -113.122 0.145033 25580.4 2.64687
3073.94 2888.16 0.861202 0.00200165 0.114299 2.13074e-07 -117.128 0.152581 29967.6 2.511
3090.88 2856.81 0.869099 0.00942989 0.0641708 9.62533e-08 -111.655 0.140247 29210.9 2.76637
3058.56 2831.59 0.861391 0.011877 0.22403 2.49338e-07 -115.933 0.147103 31698.7 2.99415
3059.61 2800.5 0.865864 0.00594375 0.10868 9.44417e-08 -109.999 0.150635 28791.6 2.83129
3066.23 2758.67 0.869302 0.0300171 0.0702744 1.21031e-07 -106.463 0.128283 27607.8 2.49473
3049.83 2706.16 0.878577 0.022245 0.0384285 7.5124e-08 -104.653 0.143466 26687.2 2.58545
3110.54 2629.8 0.872763 0.0714251 0.0891048 5.96533e-07 -97.8558 0.0865287 22574.3 2.61572
3094.19 2649.17 0.846714 0.0145678 0.0309348 2.44029e-07 -112.025 0.0874834 28865 2.74938
3179.55 2490.05 0.879077 0.0817124 0.0550427 5.23344e-07 -134.88 0.0549585 29373.1 2.96552
3228.39 2370.84 0.882458 0.0566296 0.085451 6.50955e-07 -147.145 0.023859 25921.7 2.60056
3190.85 2432.65 0.891836 0.00941055 0.0772903 4.45042e-07 -146.063 0.0260685 34604.5 2.54511
3161.38 2448.29 0.900615 0.00335492 0.0375718 2.34357e-07 -146.918 0.0258378 33707.5 2.56502
3127.22 2462.67 0.904099 0.000438509 0.10488 6.07808e-07 -146.015 0.0250958 34132 2.62928
3056.47 2472.26 0.904084 0.00165738 0.104945 3.36058e-07 -148.881 0.0275976 26822.1 2.71997
3041.9 2475.59 0.89668 8.38185e-06 0.0786019 1.903e-07 -147.647 0.0298225 32059.9 2.84542
2993.1 2462.77 0.89048 0.0133722 0.149781 1.14748e-07 -146.992 0.0275958 28324.5 2.49854
2961.41 2467.38 0.88453 0.0643586 0.0219204 2.45856e-07 -147.813 0.0293519 32196.5 2.60037
2970.48 2465.3 0.885941 0.00542812 0.0203395 1.11091e-08 -146.327 0.0341268 29326.8 2.92058
2931.31 2452.3 0.890162 0.00939745 0.0357631 4.14007e-08 -148.337 0.023077 29645 2.67447
2893.99 2452.75 0.884217 0.00262992 0.000875952 2.94443e-07 -148.005 0.0213773 29221.3 2.45212
2861.9 2399.17 0.886353 0.00559926 0.0013 4.24959e-07 -148.032 0.0219554 32543.2 2.52555
2827.42 2387.05 0.875219 0.0110126 0.00141576 2.55822e-07 -147.108 0.0191832 31028.7 2.17478
2800.55 2355.47 0.849047 0.0368429 0.00727803 5.375e-07 -145.836 0.0192308 28518.5 2.16462
2742.73 2272.86 0.855866 0.0306709 0.0119688 3.15737e-07 -143.69 0.0189829 30624.8 2.26445
2622.33 2318.6 0.897312 0.0502163 0.0500565 3.71896e-07 -145.134 0.0180471 32176.7 2.39252
2643.39 2265.35 0.878684 0.0974373 0.0489989 5.45893e-07 -144.05 0.0185686 34537.2 2.24597
2661.54 2124.75 0.876765 0.144745 0.000114563 5.96341e-07 -145.628 0.0135162 31023.6 2.27846
2655.32 2006.2 0.88278 0.146491 0.0133921 1.34364e-06 -150.014 0.00894351 22576.4 2.505
2690.79 2139.47 0.897779 0.053391 0.00120581 7.11919e-07 -149.323 0.00927036 32719.4 2.71332
2702.34 2130.44 0.885106 0.0361427 0.00249706 3.8859e-07 -151.49 0.00883112 33392.4 2.48564
2719.21 2201.93 0.880184 0.043188 0.0220468 7.89891e-07 -150.343 0.0124095 34489.1 2.48049
2716.4 2152.8 0.875717 0.0838898 0.0063415 9.93158e-07 -145.561 0.0126107 32218.3 2.52975
2708.08 2137.31 0.86918 0.0404911 8.0792e-05 5.99781e-07 -146.288 0.0119633 33750.4 2.80141
2748.44 2190.26 0.855877 0.026013 0.00482631 3.87405e-07 -140.922 0.014496 36632.3 2.95191
2726.38 2189.97 0.862051 0.0390781 0.00514982 7.18994e-07 -136.043 0.0134722 35776.2 2.90425
2730.33 2184.96 0.858452 0.0350491 0.00434883 5.78025e-07 -137.29 0.012785 36163.4 2.58826
2733.49 2163.14 0.847533 0.0317053 0.00674264 6.21905e-07 -138.354 0.0131366 36593.1 2.5586
2691.46 2130.11 0.856072 0.0206894 0.0160183 5.40474e-07 -134.233 0.0124883 35871.8 2.37679
2735.92 2202.85 0.860027 0.0356335 0.000437761 1.04755e-06 -130.694 0.0122134 37100.3 2.39373
2727.95 2228.14 0.85839 0.0262182 0.000683549 9.24652e-07 -132.964 0.0124815 36357.5 2.18315
2730.47 2179.79 0.838807 0.0348003 0.000902352 1.13444e-06 -131.001 0.0139414 38297.3 2.07306
