meanPX222 meanPY  meanPZ varPX varPY varPZ meanAngle angleStdev NEFF elapsedTime
2400.67 2365.38 0.832799 7.56345 13.2332 1.39854e-08 -94.5697 4.84871 9150.48 2.95386
2345.77 2343.94 0.831248 2.83442 5.94644 6.04898e-11 -77.45 4.11617 15203.1 3.02716
2393.69 2284.86 0.830112 3.70419 6.67958 1.42687e-10 -63.0565 4.38301 13469.2 2.7866
2462.55 2213.27 0.824287 4.77205 6.76434 1.73184e-10 -41.1295 3.67756 14496.9 2.77919
2532.72 2041.88 0.821828 0.332791 0.695181 3.21041e-09 -8.93337 3.24128 16057.4 2.52894
2599.36 1992.49 0.821205 0.152479 12.1837 1.36873e-08 -23.6929 2.96233 21949 2.50074
2673.14 2026.34 0.81757 0.705954 16.6068 3.97767e-08 -17.4693 2.37735 25528.7 2.63596
2836.19 1998.85 0.814693 3.59084 24.2158 5.05553e-08 -14.1092 1.92354 27444.1 2.41403
2815.79 1990.23 0.809922 2.92834 19.8403 5.45698e-08 -5.38227 1.83132 25593.9 2.36384
2888.9 2015.7 0.814898 2.44431 11.2608 1.77755e-08 -5.18199 1.52869 29465 2.25905
2968.74 2034.48 0.810407 0.212015 17.6033 1.39604e-10 -8.47646 1.08318 29140.4 2.36537
2858.71 2001.19 0.819378 6.07901 3.35823 2.74032e-08 -20.0743 1.15715 22003.4 2.25514
2752.61 1903.83 0.803823 13.5971 1.18995 1.43375e-07 -25.9643 1.74827 24360.5 2.334
2617.02 1854.16 0.813495 8.07574 3.37531 2.22907e-07 -34.4185 1.97634 22619.6 2.30798
2833.56 1998.55 0.836398 7.25061 2.45061 5.77007e-07 -38.6435 0.919262 22803.3 2.35214
2780.27 1925.37 0.82864 4.73764 1.61179 1.57803e-07 -54.4313 1.12474 29279.6 2.57831
2792.67 1876.82 0.81983 5.2037 1.60915 8.80811e-08 -68.2166 1.15373 32022.8 3.00458
2977.16 2001.05 0.842787 3.18052 0.750348 1.17008e-07 -60.0006 0.579115 30083.6 2.8338
2966.33 1982.85 0.852491 3.15116 0.615483 1.76871e-07 -70.1174 0.550878 32315.8 2.8924
2984.56 1951.04 0.846722 2.06101 0.402563 1.49839e-07 -80.3962 0.51886 31411.6 2.8692
3002.4 1940.62 0.865202 1.7191 0.11046 1.22941e-07 -82.5915 0.458568 31540.9 2.77592
3013.51 1908.08 0.868863 2.04571 0.143074 9.47509e-08 -84.4836 0.484402 31319.5 2.41915
3136.61 1920.64 0.887073 0.686391 0.0277632 1.60993e-07 -89.27 0.249043 26993.5 2.22958
3195.07 1892.86 0.900664 0.478666 0.0240054 1.80298e-07 -90.2357 0.153813 28431.8 2.17777
3204.81 1840.84 0.914779 0.747392 0.0179077 3.45382e-07 -93.1228 0.0837096 29091.9 2.31745
3147.25 1789.62 0.943872 0.349835 0.00838151 1.43988e-07 -95.5442 0.0571408 22689.4 2.27905
3166.08 1720.55 0.95868 0.460977 0.0473663 3.78191e-07 -100.258 0.0613927 25731.8 2.14981
3127.11 1650.79 0.968581 0.0819097 0.0408859 1.75783e-07 -105.807 0.0295613 21152 2.13235
3101.97 1586.82 0.972681 0.177197 0.0261879 3.75001e-07 -111.587 0.0186041 24468.1 2.21395
3093.82 1536.1 0.971094 0.0196641 0.0177243 4.69417e-08 -115.983 0.0154164 30302.5 2.24084
3079.93 1480.68 0.972483 0.0399741 0.0583743 1.15993e-07 -119.622 0.012453 30534.2 2.4472
3065.05 1413.32 0.993325 0.00862771 0.0175231 9.94516e-08 -126.125 0.0157985 33932.2 2.633
3047.54 1328.79 1.01024 0.00521419 0.0313575 1.02777e-07 -135.875 0.0132011 29621.6 2.88351
3015.6 1270.8 1.01902 0.00650218 0.0883129 2.42388e-07 -144.686 0.0151018 33033.8 2.66718
2991.49 1220.61 1.02156 0.00169004 0.138416 3.2934e-07 -152.211 0.0149826 30809.9 2.58697
2923.16 1189.32 1.03851 0.00336061 0.206545 2.77345e-07 -151.334 0.014078 31808.6 2.86937
2919.85 1187.55 1.04147 0.0110318 0.0311975 4.13534e-07 -141.785 0.0799217 25492.8 2.77375
2861.87 1148 1.0563 0.0134369 0.0121895 1.86122e-07 -152.153 0.0639779 26036.5 2.70647
2851.32 1142.48 1.07068 0.0357386 0.0286491 3.33425e-07 -152.656 0.0985149 21380.3 2.93915
2825.41 1118.44 1.07109 0.0613763 0.0153651 3.47429e-07 -158.639 0.118896 28246.1 2.76704
2775.95 1130.96 1.06927 0.0824799 0.000150523 2.39517e-07 -163.131 0.0824504 25580 2.60261
2721.79 1115.95 1.08745 0.00442804 0.0467084 5.50599e-08 -158.848 0.0868997 29654.8 2.63602
2624.05 1129.24 1.09633 0.000220456 0.0540473 1.50229e-07 -166.742 0.0621861 27821.3 2.82571
2588.35 1149.31 1.11406 0.000283469 0.0733092 9.18044e-08 -167.014 0.0721297 31081.5 2.92726
2510.03 1137.48 1.14274 0.00151946 0.157277 9.58769e-08 -168.989 0.0607329 31185.9 2.77482
2462.15 1141.58 1.16151 0.000890797 0.121531 2.92752e-08 -168.418 0.0569653 28848 2.75943
2447.57 1149.69 1.17504 0.0152289 0.188583 5.03489e-08 -173.51 0.0971626 27026.8 2.88167
2373.99 1148.76 1.20213 0.0205327 0.232499 4.15559e-08 179.898 0.0707038 18936.5 2.64989
2283.84 1121.76 1.22212 0.0213772 0.454476 9.46704e-09 -178.257 0.0753044 27255.3 2.51892
2233.41 1118.47 1.24539 0.0176136 0.592753 2.82522e-08 178.337 0.0467622 26776.1 2.69119
2159.54 1094.87 1.22017 0.00881861 0.0822681 7.41249e-10 161.456 0.0362707 23849.3 2.69007
2103.95 1110 1.2161 0.0311154 0.01188 4.34746e-08 152.692 0.0290626 20495.2 2.71729
2034.93 1128.23 1.22013 0.0131573 0.00155298 1.27451e-08 139.759 0.027164 28512.1 2.52131
2020.32 1161.13 1.19354 0.0106227 1.77138e-05 6.75717e-08 136.84 0.0212834 26339.3 2.69373
1970.05 1225.16 1.19201 1.71246e-08 2.59636e-05 1.54461e-07 133.321 0.018335 26649.9 2.67879
1952.5 1253.59 1.17918 0.00579746 0.000478561 1.40155e-07 127.44 0.0176803 24753.2 2.80953
1916.56 1296.5 1.18689 0.00783701 0.000432732 2.49835e-07 119.78 0.0134655 24514.5 2.65384
1916.87 1321.84 1.16942 0.00856901 0.00123324 3.58748e-07 121.421 0.0122904 27970.3 2.43606
1896.08 1404.97 1.18007 0.00172055 0.0188592 4.03639e-07 121.57 0.0111881 25907.9 2.39797
1865.14 1449.19 1.17419 0.0016591 0.111005 8.70161e-07 123.366 0.0115066 29725.8 2.6658
1820.43 1518.89 1.18144 0.00183252 0.0881002 3.5219e-07 125.477 0.0101569 22816 2.60667
1767.1 1528.74 1.14868 0.00273131 0.0648171 2.54364e-07 126.969 0.0101692 24014.1 2.46719
1709.85 1565.92 1.15881 4.20547e-05 0.0532571 1.15881e-07 128.599 0.0110745 30478.7 2.29697
1690.37 1606.94 1.16038 0.00167512 0.113578 1.80288e-07 127.358 0.0109439 31025.8 2.20007
1648.07 1634.21 1.1335 0.000289475 0.0953135 1.1873e-07 127.76 0.0144147 17794.7 2.06852
1609.08 1665.02 1.13841 0.000178142 0.175676 1.42058e-07 128.301 0.0146118 27682.2 2.15328
1574.01 1696.11 1.11693 1.39138e-05 0.263563 1.87948e-07 126.464 0.0155227 25263.6 2.41101
1544.12 1713.27 1.10741 0.000286737 0.100313 7.71017e-08 128.586 0.0125378 20381.1 2.51094
1507.12 1723.65 1.10248 0.00610896 0.33488 3.63742e-07 121.597 0.0167633 19579.6 2.47614
1456.76 1741.87 1.08657 0.307545 2.07648 3.21359e-06 115.803 0.0140443 20811.9 2.46198
1428.17 1755.67 1.05146 0.33817 1.73473 2.67015e-06 109.766 0.0111179 17599.2 2.54943
1398.89 1803.58 1.04333 0.393972 1.49795 2.37236e-06 101.652 0.011166 23569 3.20158
1415.06 1852.06 1.04392 0.577408 2.44376 3.57762e-06 98.0736 0.00956834 22590.2 2.59299
1421.97 1894.37 1.02739 0.536582 2.46501 3.53078e-06 91.7773 0.0123565 22496.7 2.74004
1425.32 1916.18 0.989034 0.386636 1.86653 2.65373e-06 90.5096 0.00947056 21612.2 2.79848
1449.34 1949.45 0.984701 1.37728 0.372328 1.01409e-06 90.6731 0.00928549 28066.9 2.733
1472.69 1999.07 0.972058 0.0370478 0.00938262 1.04906e-07 89.2005 0.0097079 31446 2.57295
1487.82 2027.77 0.962919 0.000554248 0.04875 8.06155e-07 90.1334 0.0103994 31532.8 2.52107
1484.71 2028.61 0.974652 4.73856e-05 0.0227399 3.38518e-07 92.1515 0.00956042 25576.6 2.70192
1495.93 2086.41 0.974843 0.000420199 0.0643506 6.55714e-07 92.0426 0.00734154 29423.3 2.65747
1507.27 2100.71 0.977315 0.00231902 0.158478 1.39975e-06 93.016 0.00788053 31669.8 2.91499
1523.88 2128.17 0.975413 0.00873178 0.104901 1.21063e-06 99.9087 0.0097203 32778.4 2.78122
1558.91 2162.38 1.01689 0.0140935 0.0643952 8.83769e-07 108.799 0.00922218 33629.5 2.58836
1555.35 2195.47 1.01688 0.00269594 0.0517386 5.67871e-07 110.266 0.0107832 31889.8 2.54878
1543.12 2195.82 1.02411 0.00646068 0.109649 1.00949e-06 113.573 0.012198 33825 2.57376
1515.3 2245.58 1.02966 0.00622679 0.149475 1.1134e-06 114.039 0.0116408 34582.5 2.60248
1495.56 2272.21 1.03315 0.00943972 0.499179 3.12349e-06 112.338 0.0122657 34065.6 2.72895
1481.05 2318.37 1.04357 0.00186567 0.194321 1.1228e-06 114.001 0.0111947 33839 2.67722
1483.37 2356.69 1.06363 0.0043149 0.315334 1.49786e-06 111.197 0.0122353 34173.5 2.51873
1438.49 2390.78 1.05645 0.000510047 0.368357 1.25395e-06 112.668 0.0121507 35545.1 2.4491
1413.3 2416.06 1.07058 0.00685604 0.478936 1.20476e-06 110.709 0.0103304 33814.6 2.56202
1397.93 2452.17 1.05186 2.2762e-05 0.0190487 1.47637e-08 105.127 0.0113336 33800.3 2.59789
1349.73 2482.76 1.07567 0.000291273 0.0295442 5.66952e-08 98.5506 0.0112115 34981.4 2.72875
1345.2 2482.52 1.07729 0.00268601 0.0130392 3.73617e-09 91.244 0.0551308 28121.4 2.69323
1345.81 2485.26 1.07136 0.0162973 0.0719726 4.07447e-07 84.3279 0.0730523 26308.4 2.54473
1339.64 2489.65 1.07875 0.0166286 0.0459867 3.09949e-07 79.3584 0.0925748 25819.3 2.66539
1351.23 2528.28 1.10561 0.0254707 0.0861894 4.6071e-07 75.6739 0.0665335 30673.4 2.79565
1367.3 2606.53 1.11588 0.00930676 0.0292521 1.07398e-08 75.5941 0.0416161 28957.2 2.7083
1364.95 2632.5 1.12306 0.0388779 0.086102 6.60307e-09 69.6968 0.0364496 30007.1 2.58945
1396.85 2698.47 1.13974 0.0444915 0.0471796 6.01256e-09 68.9255 0.0224591 30173.8 2.58237
1400.4 2765.12 1.1425 0.0345057 0.145588 3.38583e-09 66.8577 0.0179013 30896.5 2.60023
1383.28 2808.11 1.14195 0.0342724 0.00256288 4.27063e-08 64.6434 0.0159788 33643.2 2.49017
1422.04 2856.75 1.17808 0.0443628 0.000103089 1.01293e-07 60.2517 0.0134499 31901.2 2.38546
1453.47 2934.23 1.18348 0.0259596 0.000791831 5.61637e-08 56.5612 0.0113456 30612.6 2.32104
1465.09 2994.73 1.1962 0.04673 0.000223266 9.08445e-09 56.5323 0.0127682 32306.3 2.26568
1488.97 3058.93 1.21391 0.106879 0.00574186 3.85105e-08 57.5551 0.0145681 27668.6 2.2381
1549.43 3078.88 1.21435 0.0559854 0.00105809 5.0338e-08 56.0248 0.0111781 29802.1 2.26017
1575 3099.57 1.20341 0.0772203 0.00168729 3.73756e-08 53.6385 0.0154283 30213.7 2.43888
1604.31 3172.77 1.19873 0.092543 0.0075837 1.81999e-08 51.3786 0.0151385 29893 2.66381
1611.91 3183.98 1.19286 0.0184453 1.53778e-06 1.34345e-08 51.9877 0.0192754 30870.3 2.72048
1648.94 3204.22 1.18373 0.041643 0.0145614 1.37454e-09 50.1543 0.0291062 24650.6 2.67094
1705.85 3251.91 1.2019 0.0257365 0.0012098 8.69294e-09 49.6484 0.0252172 31091.6 2.61838
1774.55 3301.49 1.22032 0.0136812 6.88881e-05 3.13983e-08 47.8071 0.0242503 26884.3 2.62889
1778.01 3316.79 1.21262 0.0245338 0.00264654 1.51476e-08 47.1179 0.0296526 30616.1 2.57433
1850.35 3353.43 1.24379 0.0352008 0.0699243 5.44973e-07 44.438 0.0261008 27691.7 2.68919
1898.29 3381.93 1.24376 0.00750693 0.060767 4.38577e-07 41.4711 0.0227235 25843.7 2.71192
1939.07 3438.89 1.25939 0.000426996 0.0663657 5.38178e-07 39.2345 0.0216547 29170.7 2.78207
1994.98 3447.83 1.24102 0.00224032 0.0241193 8.72252e-07 37.6345 0.0237336 28938.4 2.88319
2059.39 3501.87 1.26806 0.000527414 0.0537208 8.30889e-08 33.4297 0.0158337 23726.3 2.75431
2102.99 3517.73 1.25009 0.000813365 0.0833212 2.45518e-07 35.8322 0.0224244 32899.8 2.6817
2075.68 3499.23 1.24176 0.00950672 0.129326 2.08894e-07 36.619 0.0267038 31633 2.63387
2145.27 3520.46 1.27712 0.000231176 0.0752826 1.58938e-07 32.6059 0.018055 30058 2.70273
2189.97 3549.69 1.27965 0.00385053 0.103153 2.83383e-07 28.5373 0.0280521 30037.2 2.65571
2263.3 3604.6 1.27837 0.0294852 0.0390879 3.55355e-07 23.7618 0.0300849 30183 2.9056
2274.72 3615.73 1.24866 0.00390341 0.000829254 6.09299e-08 18.9985 0.0373623 22758.4 2.73727
2352.16 3635.66 1.23877 0.00262652 0.0211938 3.36908e-09 11.4502 0.0379492 22349.5 2.72443
2302.78 3647.38 1.09136 0.159848 0.114359 1.84898e-07 13.4085 0.0312595 8477.54 2.69685
2307.24 3660.59 1.06621 0.276002 0.175603 2.99599e-07 13.3124 0.0295817 15524 2.69254
2274.68 3685.63 1.00372 0.563906 0.236002 4.54882e-07 13.8102 0.00977419 15778.6 2.6691
2332.91 3691.85 0.997955 0.70912 0.000724541 4.47763e-07 13.1175 0.0071361 22695.9 2.57891
2389.4 3707.39 1.00359 1.49921 0.00396406 1.13694e-06 14.8552 0.00692738 29751.5 2.79784
2448.43 3737.25 1.00768 0.819174 1.17874e-07 4.91598e-07 13.4409 0.00857179 35103.3 2.81126
2510.77 3752.11 1.02641 0.0562568 0.0180671 2.6617e-07 14.5904 0.00933435 34567.3 2.58061
2576.46 3770.08 1.01538 0.0240066 0.00917272 9.09152e-08 15.2283 0.00936048 30001.4 2.53795
2648.38 3790.74 1.03028 0.102426 0.0252229 2.22354e-07 11.6632 0.00903514 29934.7 2.47425
2812.15 3807.97 1.04281 0.054541 0.0018706 1.12144e-07 9.67997 0.00991406 26924.4 2.42894
2919.56 3880.45 1.05566 0.107019 0.000452402 3.83364e-08 6.90193 0.009733 22336.4 2.46272
2940.9 3883.75 1.04349 0.230745 0.041503 6.44056e-08 5.71319 0.0104433 28834.9 2.33254
2996.5 3900.47 1.04001 0.180763 0.0750583 1.71534e-07 -0.21178 0.0106445 29889.9 2.17994
3017.64 3909.87 1.02521 0.210424 0.00708408 1.65451e-07 -2.22259 0.0124236 26292.2 2.1342
3033.72 3897.28 1.03605 0.154991 0.00595736 1.09713e-07 -6.82202 0.012859 31276.3 2.21474
3061.09 3897.46 1.02472 0.300327 0.0165867 1.74274e-07 -13.0561 0.0150254 32041.1 2.0932
3070.93 3883.98 1.01396 0.308892 0.0147827 1.82493e-07 -19.7531 0.0150916 29912 2.18719
3109.71 3897.64 1.0333 0.326782 0.0230205 2.16513e-07 -25.9728 0.0196002 30945.8 2.46824
3127.5 3875.83 1.01255 1.52335e-10 0.00448104 9.31734e-09 -34.6585 0.018837 26647.4 2.45926
3175.39 3842.81 1.0077 0.00552763 0.0266576 6.77851e-09 -42.7811 0.0164412 28546.2 2.56254
3251.9 3728.41 1.03574 0.0386881 0.0729719 1.79047e-09 -44.5641 0.018223 29511.3 2.72346
3218.29 3737.32 1.03677 0.00142598 0.0610443 6.71449e-08 -43.7515 0.0165762 30349.9 2.54472
3181.18 3755.27 1.02317 0.00413473 0.0179562 4.94469e-08 -45.8098 0.0149642 29295.7 2.46287
3166.83 3737.44 1.01295 0.00193235 0.0133195 1.33076e-09 -48.754 0.0148898 29673.7 2.50392
3183.04 3727.4 1.02454 0.00254818 0.0213192 1.37383e-10 -55.453 0.0145047 30777.2 2.55238
3197.68 3697.35 0.999449 0.00513191 0.0155872 3.66719e-09 -63.7594 0.0152657 30405.4 2.50962
3219.72 3703.72 0.990337 0.0201545 0.0217059 1.73813e-09 -68.8212 0.0143952 31276.5 2.51116
3243.82 3670.27 0.990743 0.0290567 0.0219616 5.28873e-10 -73.9833 0.0131369 31630.1 2.9795
3252.04 3632.51 0.986451 0.00899123 0.0110703 1.03083e-10 -78.643 0.0141329 32561.5 2.76067
3271.57 3619.23 0.983743 0.0096595 0.0411224 3.41547e-09 -86.3439 0.0145205 33404.4 2.60891
3263.27 3618.59 0.972797 0.0190028 0.117262 2.01416e-08 -90.5858 0.0137425 31157.5 2.45097
3270.16 3574.36 0.983006 0.000124069 0.0682253 1.5891e-10 -91.6887 0.0171591 33335.3 2.10793
3255.38 3547.27 0.999536 0.00111335 0.0287204 5.13079e-10 -94.3656 0.0178962 34587.9 2.18539
3242.49 3522.56 0.989615 0.00588626 0.0429315 5.71359e-09 -93.7755 0.0153347 33281.4 2.31144
3221.6 3457.55 0.979098 0.026576 0.0424133 4.64798e-08 -94.0952 0.0132668 31298 2.50882
3207.29 3399.65 0.978186 0.0838862 0.0953048 1.30606e-07 -94.1575 0.0131276 26741 2.65382
3198.2 3367.2 0.959806 0.114471 0.0856231 1.28765e-07 -96.2894 0.0143391 27714.5 2.84945
3197.56 3361.96 0.948462 0.0136037 0.0320568 7.66445e-08 -95.3895 0.0165333 31422.8 2.81648
3171.41 3316.98 0.941465 0.0156656 0.000748697 7.01643e-08 -98.1014 0.0148044 30588.4 2.73991
3177.09 3323.23 0.919284 0.00572928 9.57259e-05 1.07858e-07 -98.7661 0.0178765 29060.4 2.75076
3171.05 3266.93 0.924649 0.0110109 0.00240904 3.34669e-07 -98.5015 0.0162883 31704.4 2.74762
3177.21 3261.43 0.90695 0.00995282 0.00927496 2.48683e-07 -97.7283 0.0178067 33704.7 2.68262
3192.64 3217.05 0.906303 0.00704828 0.0207547 5.50568e-07 -100.354 0.016908 36104.7 2.67039
3194.56 3175.18 0.89762 0.00543534 0.0144537 5.69682e-07 -101.291 0.016983 33080.2 2.62493
3183.74 3135.07 0.898635 0.000913096 0.0484554 5.75572e-07 -101.145 0.0190116 34920.2 2.50541
3180.81 3129.01 0.881965 0.000433786 0.0523515 4.27479e-07 -102.594 0.0176083 33285.5 2.48347
3181.42 3117.4 0.884604 0.00104088 0.1239 8.84989e-07 -104.542 0.0186892 30527.2 2.54757
3175.08 3096.86 0.889014 0.00647783 0.115982 5.16475e-07 -104.765 0.0179665 31540.6 3.01057
3155.16 3067.82 0.884509 0.0156293 0.202789 6.80646e-07 -106.321 0.0198052 33233.2 2.78202
3159.04 3072.62 0.881514 0.00359543 0.22397 8.73645e-07 -111.452 0.0712667 27761.9 2.6218
3140.96 3049.99 0.869298 0.00746568 0.278003 9.73237e-07 -110.521 0.067587 31641.7 2.66938
3125.74 3046.57 0.864972 0.00556816 0.147476 3.92068e-07 -114.461 0.0582733 31713.8 3.04999
3113.41 3015.53 0.833705 0.00270533 0.246933 1.06326e-06 -115.036 0.0570182 34415.8 2.74784
3087.72 2985.47 0.862885 0.0906585 0.00877476 6.87346e-09 -115.786 0.0553462 33694.2 2.5123
3091.56 2970.16 0.853753 0.108109 0.00146113 1.19315e-09 -115.907 0.0570438 31266.2 2.55408
3103.53 2969.74 0.850216 0.224985 0.00553126 5.68443e-09 -118.306 0.123449 27620.6 2.62467
3074.28 2944.38 0.858468 0.306023 0.00403293 9.92394e-09 -124.435 0.109285 27692 2.74117
3044.44 2910.73 0.859201 0.187236 0.00350328 2.06115e-08 -127.32 0.118257 30337.7 2.6762
3050.76 2884.49 0.864013 0.316962 0.00920813 4.56063e-08 -126.61 0.143261 28649.3 2.53378
2995.21 2860.14 0.87456 0.486548 0.0194909 1.05613e-07 -132.7 0.125066 27979.2 2.43616
2978.88 2843.44 0.865157 0.0266761 0.0789664 2.48105e-07 -131.806 0.120772 28000.8 2.27233
2980.67 2796.8 0.878863 0.285838 0.0550664 4.1901e-07 -124.897 0.19163 26167 2.36887
2969.49 2755.78 0.881843 0.726854 0.0901463 7.41752e-07 -121.886 0.20659 27788.5 2.20321
2976.73 2720.53 0.854626 0.392649 0.0329057 3.03042e-07 -123.114 0.223078 27105.2 2.05052
2977.91 2725.64 0.83872 0.552882 0.0276912 4.03036e-07 -134.857 0.217224 29299.9 2.16785
3128.62 2537.51 0.86815 0.917782 0.00122436 1.43246e-07 -139.608 0.168295 16776.5 2.23354
3156.75 2399.32 0.87634 0.864139 0.00355881 4.19269e-08 -153.285 0.0650063 19912.7 2.39143
3144.35 2448.65 0.896496 0.92189 0.014848 4.94911e-08 -150.758 0.0451126 28282.6 2.48481
3126.43 2474.16 0.899417 0.0250451 0.022326 2.1138e-08 -149.119 0.0593705 31649.6 2.57723
3080.68 2489.79 0.898469 0.066673 0.0382956 7.87101e-08 -151.241 0.0576251 27490 2.74919
3028.26 2501.92 0.891989 0.130653 0.0513688 9.80383e-08 -152.866 0.0602192 32012.1 3.01082
3025.42 2504.6 0.885066 0.0594533 0.0231962 1.53431e-07 -149.641 0.0557509 28168.5 2.69048
2965.96 2494.78 0.884402 0.0336967 0.0158836 2.33593e-07 -151.241 0.0581069 30370.2 2.31213
2936.26 2490.92 0.882254 0.0318987 0.00758619 2.75841e-07 -148.98 0.0610986 30416.4 2.30365
2954.19 2482.35 0.906534 0.0210889 0.0181599 3.08037e-07 -147.273 0.0512675 28103.7 2.1786
2922.87 2461.63 0.893999 0.00936278 0.00378259 2.07117e-07 -146.182 0.0350453 29978.6 2.05946
2879.26 2461.7 0.889318 0.00627118 7.76481e-05 1.26795e-07 -145.979 0.0305147 30197.6 2.20936
2867.07 2407.35 0.87192 3.98529e-09 0.0191408 3.87154e-07 -145.223 0.0230546 25976.3 2.15266
2830.57 2392.24 0.881743 5.49448e-05 0.010453 2.75572e-07 -144.666 0.0249888 32834.5 2.32823
2806.66 2354.22 0.858415 3.08011e-05 0.00433007 1.1248e-07 -143.819 0.0248224 31988.7 2.74996
2745.81 2272.16 0.862268 0.0129794 0.00291739 3.29882e-07 -142.604 0.0206473 32007 2.64697
2642.25 2295.92 0.897592 0.0257258 0.00453881 2.21287e-07 -139.656 0.0258162 30087.5 2.60447
2665.72 2246.56 0.879594 0.0771019 5.29319e-05 6.3842e-07 -138.663 0.0277761 31254.6 2.62881
2662.29 2124.91 0.888 0.00102625 0.0208057 2.05892e-07 -144.739 0.022339 22019.7 2.68014
2663.05 2002.82 0.895446 0.00495817 0.0251327 1.59709e-07 -146.742 0.0104991 22752 2.81016
2690.81 2140.86 0.904554 0.0100159 0.0161507 1.20318e-07 -147.39 0.01123 31356.9 3.06615
2699.71 2132.33 0.900678 0.0165361 0.0264385 1.51542e-07 -148.3 0.0108046 33519.6 2.75053
2709.14 2205.68 0.898416 0.0170015 0.0193158 2.49869e-07 -148.312 0.0134029 36077.6 2.6548
2706.15 2151.73 0.886011 0.0386994 0.0507153 2.83743e-07 -143.681 0.0120333 34840 2.53943
2697.6 2135.13 0.889088 0.000237483 0.00079116 4.20385e-07 -145.166 0.0130081 38757.4 2.57318
2738.55 2189.9 0.868653 0.00535295 0.00719398 3.58292e-07 -138.901 0.0169343 35110.1 2.72375
2717 2189.92 0.880043 0.010664 0.0115003 6.52343e-07 -133.262 0.0139497 37089.4 2.77833
2719 2182.58 0.870853 0.00843459 0.00520901 5.01566e-07 -134.976 0.0144263 35513.8 2.66176
2718.83 2160.52 0.87051 0.0014864 0.0078699 2.02048e-08 -136.324 0.0173272 38419.2 2.73258
2679.27 2129.15 0.870544 0.0202007 0.0173782 3.72757e-08 -132.635 0.0136286 32608.2 3.03715
2727.46 2205.63 0.86588 0.00498278 0.00697257 7.85318e-08 -128.99 0.015966 36297.2 2.66191
2726.68 2231.29 0.864844 0.000148895 0.00462497 1.46936e-08 -131.922 0.0138011 35612.7 2.48381
2727.3 2179.32 0.839242 0.00991164 0.0110112 6.11357e-08 -129.676 0.0165017 35883.6 2.13231
