meanPX meanPY meanPZ varPX varPY varPZ meanAngle angleStdev NEFF elapsedTime
2186.09 2504.29 -0.0979491 0.0210574 0.81656 2.3846e-09 -16.6287 8.5412 6065.73 3.24994
2081.63 2700.41 -0.0989822 0.0733984 0.00686409 8.45197e-10 -23.1101 7.06154 8467.21 3.42422
2086.28 2911.69 -0.102434 0.0418802 0.0193229 2.44672e-09 -15.1487 5.30572 11156.5 3.04442
2110.06 3085.68 -0.105353 0.0326707 0.194478 2.51383e-09 -10.9898 5.22152 17068.8 3.00859
2131.46 3277.14 -0.107076 24.0675 0.692934 2.36624e-08 -16.69 5.35049 21100.1 2.89314
2190.2 3413.33 -0.111967 9.42461 0.0698815 9.03938e-09 -13.3193 5.56632 24057.2 2.90878
2241.38 3540.39 -0.115991 1.12978 4.37686 2.04577e-09 -11.2727 5.50323 27611.6 2.83596
2249.03 3571.92 -0.118312 1.9315 8.31222 1.52239e-09 -66.6538 7.94754 30577 2.49068
2373.24 3688.18 -0.125975 12.7289 106.687 6.5862e-09 -20.1222 5.94988 29401.6 2.43501
2438.05 3715.78 -0.128163 3.58346 20.2505 1.32124e-07 -15.4495 5.14794 31470.9 2.51432
2415.18 3780.66 -0.126304 6.15384 40.9577 1.39032e-07 175.578 8.19633 31844.6 2.77508
2368.54 3824.08 -0.129903 2.12831 16.3911 1.45667e-09 -178.454 5.81009 32655.4 2.89227
2493.32 3840.95 -0.12823 7.62416 39.9947 2.63467e-08 166.537 6.99842 31074.6 2.59768
2526.66 3896.67 -0.129495 7.56454 37.6623 1.40211e-08 163.526 4.66774 29033.1 2.34061
2645.09 3955.93 -0.131771 24.3161 96.0191 3.8674e-08 161.283 5.2846 28817.8 2.12986
2769.83 4022.02 -0.139267 13.5602 43.7828 1.95728e-08 145.829 8.60072 31540.7 2.52873
2817.27 4045.97 -0.140971 15.5241 46.7028 4.13896e-08 107.86 5.84844 28206.2 2.71945
2867.99 4064.19 -0.141903 9.28627 25.9014 3.68228e-08 108.429 5.60702 31856.4 2.9135
2888.16 4077.69 -0.151594 9.62402 26.9719 5.84099e-09 111.915 5.32648 31390.2 2.66927
3116.51 4159.77 -0.163333 19.4732 40.3226 1.7596e-09 -28.8199 3.91866 26355.2 2.14542
3217.53 4192.28 -0.176942 50.4861 93.0705 3.83667e-12 -23.7333 3.30156 24675.4 2.19125
3153.58 4157.32 -0.183109 48.6574 97.23 9.88139e-10 9.8319 4.39827 29440.4 2.86602
3333.19 4238.41 -0.19277 252.514 2.34105 4.15699e-08 -39.9362 2.58023 25283.1 3.08155
3384.39 4268.29 -0.200695 103.853 0.798925 2.39311e-08 -46.5056 1.95628 28412.9 2.97446
3268.09 4213.03 -0.208759 123.19 1.13555 1.56064e-07 -38.3265 3.02221 29535 2.9444
3326.87 4264.97 -0.213048 120.482 0.834143 1.46758e-07 -59.1157 2.0722 25167.2 2.79401
3196.01 4215.39 -0.214529 176.412 1.88655 2.49748e-07 -59.5076 2.66716 27164.2 2.73045
2963.49 4225.71 -0.222066 146.578 1.6631 3.14322e-07 -90.8106 2.76415 17345.6 2.17544
2759.65 4239.08 -0.217204 225.211 3.24332 4.49258e-07 -110.773 2.08013 16025 2.21192
2811.56 4232.75 -0.217215 109.418 1.65581 1.83475e-07 -126.307 2.32703 19703.9 2.91131
2571.29 4233.84 -0.207069 249.347 4.37038 4.64046e-07 -147.131 1.74588 19230.5 2.95961
2637.95 4118.82 -0.223111 146.281 5.17755 2.70768e-07 156.973 2.62833 21334.5 3.03771
2816.33 4099.87 -0.211132 63.9281 2.07665 7.94582e-08 144.958 2.4828 17832.3 3.01659
2809.45 3957.48 -0.228959 37.4512 2.29274 6.96415e-08 84.8475 1.93408 16063.2 2.74058
2632.27 3834.23 -0.229416 40.5073 4.60611 9.99634e-08 63.906 1.18943 22293.4 2.91263
2646.02 3803.18 -0.228907 40.5564 4.76631 1.96933e-07 67.0355 1.07747 22140.7 2.56076
2590.86 3747.02 -0.23021 30.0361 4.17805 1.43787e-07 61.6284 0.907234 26196.4 2.38373
2519.01 3652.83 -0.237814 63.1237 11.9404 3.8349e-07 57.4086 0.452898 20700.3 2.33741
2521.6 3627.49 -0.235316 38.7315 7.84485 2.02153e-07 51.0912 0.357232 24409.5 3.0371
2513.77 3597.05 -0.23813 20.0665 4.06449 1.40698e-07 52.717 0.244922 26840.3 3.07656
2504 3585.96 -0.237382 78.9635 16.5991 4.59506e-07 61.5052 0.169132 24310.2 3.02056
2498 3564.33 -0.246244 86.4954 19.7237 7.53733e-07 66.4817 0.118667 24475.3 2.91183
2492.2 3555 -0.236074 48.5561 11.5654 4.60692e-07 63.6498 0.1035 29447.7 2.46884
2488.16 3553.67 -0.230024 64.0665 15.1784 7.309e-07 67.1661 0.0953995 22925.3 2.04706
2483.86 3538.23 -0.229371 60.4419 16.0167 2.0335e-07 66.3338 0.0810432 27293.6 2.58928
2480.09 3527.07 -0.230909 36.0475 9.40198 1.76929e-07 71.6609 0.0508496 28275 2.64043
2481.42 3529.85 -0.220072 93.9154 24.2025 1.08824e-07 76.9249 0.090974 23688.9 2.80245
2482.4 3518.95 -0.220777 46.0521 12.0283 7.46519e-08 78.0781 0.095528 29097.6 1.92422
2488.23 3506.02 -0.215321 34.7441 9.27655 3.10304e-08 82.7635 0.0970938 24717.7 2.37629
2488.32 3501.67 -0.211382 47.7149 12.7713 3.20334e-08 76.6945 0.0959715 29063.8 3.00997
2502.34 3490.38 -0.205659 0.000100663 0.0591287 1.61093e-07 69.2594 0.115567 25507.7 2.78549
2505.45 3486.26 -0.198965 2.38367e-05 0.111675 1.84596e-07 60.4369 0.133766 28141.2 3.04147
2512.29 3476.54 -0.200635 0.00123929 0.102746 2.11962e-07 52.611 0.126063 26991.2 2.69798
2515.41 3475.54 -0.197747 0.00193915 0.00205551 1.89748e-08 53.7144 0.15651 26621.2 2.08437
2532.36 3483.58 -0.189841 0.0334722 0.0168341 9.45876e-08 53.2403 0.190447 23668.8 2.72769
2537.97 3500.18 -0.180659 0.041352 0.0236809 4.94034e-08 50.4157 0.294655 22781.1 3.08527
2565 3524.19 -0.185384 0.0340146 0.110861 2.54427e-08 45.2738 0.446119 21899.1 2.88466
2587.76 3527.7 -0.188651 0.201127 0.32509 2.29227e-08 51.3597 0.393664 23850 2.99328
2642.14 3574.05 -0.190727 0.419658 0.450194 5.56422e-09 55.5844 0.466878 27092.6 2.69564
2777.98 3678.24 -0.193285 0.505401 0.44451 2.45928e-09 65.1927 0.531564 21530.7 2.0926
2820.27 3705.96 -0.205072 2.17128 1.42507 2.03216e-08 67.8812 0.589562 23050.9 2.56157
2795.1 3669.69 -0.208953 1.81506 1.01308 6.70596e-09 67.6328 0.511768 27869.6 3.05093
3216.4 4014.49 -0.171425 4.69971 2.99891 4.74698e-08 95.2817 0.553862 18423.4 2.9642
3278.56 4074.35 -0.167729 5.14872 3.93512 8.08836e-08 97.7829 0.593035 21646.8 3.01893
3248.51 4038.88 -0.182817 6.57725 4.98365 6.04598e-08 97.4085 0.685053 24235.5 2.56651
3472.01 4194.43 -0.155404 5.81009 3.9402 8.44924e-08 109.648 0.39587 21958.3 2.14827
3758.78 4437.37 -0.121573 16.4128 11.3343 2.58568e-07 119.009 0.293958 17728.9 2.6349
3774.92 4442.26 -0.117692 15.4491 10.5078 2.63103e-07 119.659 0.227296 25476.3 2.90028
3784.13 4445.38 -0.123718 23.5879 16.6349 3.51606e-07 117.111 0.247261 26824.7 2.82095
3838.82 4488.11 -0.119222 13.5253 9.92253 1.93248e-07 110.454 0.150421 26702.1 2.90943
3841.19 4465.79 -0.124011 23.9549 15.4651 7.87742e-11 109.182 0.224377 26078.3 2.54138
3910.49 4517.67 -0.117237 25.1738 16.1863 4.93033e-09 106.623 0.245441 26874 2.25277
3937.8 4525.73 -0.130219 13.2425 8.81284 6.36405e-08 103.939 0.218452 24039.1 2.42905
4038.62 4566.71 -0.133139 25.7934 21.8403 3.54001e-07 116.269 0.395397 17967.4 2.91968
3989.92 4536.99 -0.141772 41.7025 36.4632 6.08961e-07 101.391 0.275805 24220.1 2.9384
4011.54 4515.35 -0.141006 82.462 67.76 1.20756e-06 115.422 0.450867 22732.8 2.81133
4002.13 4528.51 -0.151838 19.0042 15.9066 1.83123e-07 103.085 0.294616 24708.1 2.22191
4070.62 4542.06 -0.153185 45.8582 36.1554 4.49059e-07 120.047 0.381337 23979.9 2.2915
4039.3 4498.72 -0.15514 25.077 19.2721 2.58965e-07 121.545 0.426106 27585.8 2.66536
4080.79 4474.17 -0.151704 90.6643 63.8574 1.20962e-06 134.867 0.386449 18277.7 3.01039
4015.69 4392.14 -0.150355 107.79 71.2324 1.5036e-06 139.385 0.415007 18247.4 2.84775
4037.58 4439.78 -0.151054 102.881 70.3099 1.77831e-06 139.298 0.406903 22794.4 2.65486
3936.3 4437.78 -0.180815 32.9472 24.9228 4.75531e-07 124.473 0.273247 10962.8 2.41648
3918.43 4412.82 -0.176742 26.9531 20.3974 4.57542e-07 129.42 0.317171 21935.8 2.35225
3941.72 4443.77 -0.169974 51.3454 40.4454 1.08414e-06 133.942 0.333689 23798.5 2.66038
3956.81 4438.54 -0.166252 17.0064 12.944 5.97962e-07 141.53 0.482235 18058.3 2.76421
4083.12 4547.64 -0.140268 18.3942 14.0434 7.53135e-07 153.44 0.534587 14391.7 2.96386
4107.82 4542.28 -0.125144 28.2533 20.9718 1.22157e-06 165.297 0.587806 18781.3 2.95439
4097.7 4589.76 -0.103755 14.7542 11.8697 6.70303e-07 153.276 0.907302 12565.5 2.86754
4132.12 4627.23 -0.0932557 17.6732 14.8292 7.40873e-07 153.819 1.01225 21441 2.01478
4132.27 4632.04 -0.0880639 23.5773 20.2457 1.10746e-06 149.089 1.0334 25341.5 2.396
4118.65 4633.03 -0.0873652 47.551 46.5336 1.83577e-06 140.323 1.14006 26408.5 2.74771
4102.41 4629.92 -0.0883938 42.5933 43.9385 1.61694e-06 130.462 1.28434 24234.7 2.73322
4009.89 4603 -0.087479 15.6223 16.728 7.79645e-07 97.0004 1.12495 20888.5 2.09102
3985.37 4593.92 -0.0891059 28.3483 34.3737 1.29173e-06 81.6944 1.19649 22674.9 2.69554
3989.66 4597.48 -0.0880851 18.6896 23.1089 8.10007e-07 74.8429 1.37092 21831.8 3.10588
3973.92 4591.76 -0.0869612 1.48434 0.18601 5.94919e-09 61.766 1.28419 27426.5 2.82517
3942.31 4579.32 -0.0887595 4.67824 0.60072 4.75513e-09 50.2907 0.979962 28690.5 2.82677
3925.81 4573.13 -0.0886526 2.46897 0.366484 9.07563e-09 42.1234 0.808912 31649.7 2.07957
3913.03 4566.06 -0.0929082 2.30796 0.313922 2.37341e-08 33.7664 0.769478 33254.3 2.60789
3896.19 4559.37 -0.0941483 4.28423 0.545763 1.37871e-08 28.604 0.622869 30942.7 2.80321
3889.23 4555.83 -0.0961367 2.25575 0.326441 7.9573e-10 26.7566 0.528327 32618 2.69378
3882.14 4552.69 -0.101883 4.3838 0.603489 7.57568e-10 20.7416 0.578921 34099.3 2.07314
3876.52 4551.47 -0.102339 3.97491 0.498008 1.29741e-08 12.8349 0.552755 34128.5 2.44155
3868.56 4549.64 -0.102804 1.89869 0.24253 6.72476e-10 12.0709 0.413963 33474.8 2.79319
3869.52 4550.96 -0.102801 3.03416 0.327753 1.64847e-10 14.5606 0.462054 32544.2 2.83955
3867.9 4547.8 -0.102728 2.14208 0.288847 6.02026e-10 16.8038 0.535326 33441.9 2.51296
3867.96 4552.93 -0.104414 2.72798 0.271128 2.81016e-09 18.1151 0.408687 30030.9 2.24964
3856.62 4545.98 -0.103133 3.19445 0.298934 6.7191e-10 9.95952 0.375892 33199.3 2.67789
3853.65 4544.1 -0.103845 4.32376 0.373147 9.39738e-08 8.02576 0.346372 31749.1 2.78991
3851.26 4542.89 -0.103622 3.10057 0.268317 2.54304e-09 7.38621 0.392814 31935.4 2.92757
3851.75 4541.47 -0.0997753 7.84413 0.939729 3.05473e-07 7.13555 0.48236 29468.1 2.03256
3853.56 4541.84 -0.0973829 3.7168 0.506212 1.60741e-07 10.7605 0.548682 29687.4 2.6281
3862.13 4539.11 -0.0925795 1.44124 0.235643 9.41561e-08 12.038 0.910782 22282 2.86411
3869.93 4535.14 -0.0941638 1.40535 0.288338 1.34473e-07 16.4152 1.22666 24028 2.82515
3865 4535.67 -0.0915789 2.69604 0.490648 3.05158e-07 16.6128 1.2042 27290 2.09526
3872.87 4533.52 -0.0902917 3.00738 0.401459 4.91418e-07 17.9082 1.5404 23274.6 2.29028
3866.94 4535.84 -0.0830154 2.20722 0.263003 4.01717e-07 14.2049 1.34347 25557.7 2.9031
3846.13 4543.34 -0.0913604 4.40542 0.499821 1.00365e-10 2.18045 0.89231 19793.9 2.82327
3845.44 4546.12 -0.0883723 1.35025 0.155619 4.50473e-09 8.18119 0.804804 20423.1 2.32241
3853.04 4547.02 -0.0777697 2.79974 0.295546 2.99768e-09 6.78741 1.00706 17899.6 2.17468
3839.12 4555.12 -0.0794342 6.69863 0.590865 4.1792e-09 -2.33506 0.834278 19234.2 2.73011
3827.41 4561.32 -0.0780679 2.34031 0.169579 6.77442e-09 -8.40293 0.784715 17872.8 2.90793
3811.74 4567.01 -0.0860595 2.74923 0.169286 5.06983e-10 -15.6991 0.642301 23273 2.82865
3795.52 4571.11 -0.0920741 9.73071 0.40734 2.70828e-08 -20.6266 0.443216 20956.4 2.65333
3783 4575.36 -0.0989305 12.2464 0.362029 2.35985e-11 -27.7834 0.37174 24068.7 2.02074
3787.63 4570.12 -0.0920496 7.55659 0.257897 3.59045e-09 -30.2736 0.462132 21310.4 2.54326
3764.58 4584.01 -0.110924 4.40966 0.117745 2.63243e-10 -39.2864 0.275157 22771.8 2.73724
3775.6 4578.67 -0.104278 4.30281 0.11875 8.83022e-09 -39.3313 0.34164 22375.7 2.69622
3775.16 4581.95 -0.0973063 3.13501 0.0701785 1.9812e-08 -40.9161 0.310961 20981.4 2.79373
3769.99 4591.18 -0.10079 5.30384 0.110472 4.35215e-08 -43.6443 0.253308 21548.3 2.09743
3780.5 4587.92 -0.0864008 9.59013 0.189656 3.23465e-08 -41.862 0.243747 17460.2 2.35572
3783.96 4587.29 -0.0854606 2.09253 0.0427788 1.50497e-09 -41.2266 0.212982 20224.9 2.87449
3780.76 4595.2 -0.0825911 2.74388 0.0476767 8.14429e-09 -44.477 0.177508 22253.5 2.80578
3785.86 4595.2 -0.0763808 0.945839 0.0159764 2.57613e-09 -49.1806 0.150575 16864.9 3.00859
3783.28 4610.25 -0.0877564 0.823156 0.007281 4.63128e-09 -55.2665 0.114327 16954 2.77887
3776.59 4611.39 -0.0854705 2.8861 0.0161147 3.43328e-08 -58.3706 0.112019 19338.7 2.44173
3776.38 4619.44 -0.105029 5.24858 0.0158305 6.67697e-08 -61.4003 0.09134 20692.3 2.28592
3775.04 4618.82 -0.104426 6.59059 0.0169335 6.93172e-08 -65.6057 0.0942548 23269.8 2.90154
3776.5 4621.73 -0.113975 0.817653 0.00102161 1.51296e-08 -67.7303 0.088547 23025.8 2.80551
3779.43 4620.59 -0.116456 9.97201 0.0487303 1.39167e-07 -72.1256 0.0868688 27020.5 2.83272
3788.31 4614.02 -0.112886 6.81228 0.026638 1.07938e-07 -77.9641 0.106915 24049.3 2.83589
3793.78 4614.36 -0.12347 3.84386 0.0149113 1.27267e-07 -84.0001 0.117588 24750.8 2.24456
3799.09 4608.53 -0.121289 4.58338 0.0248514 1.13454e-07 -90.5262 0.141793 24926.8 2.18205
3793.86 4615.89 -0.13 6.35101 0.0213043 1.58198e-07 -96.232 0.138463 29224.3 2.74972
3819.4 4596.01 -0.107225 2.70372 0.042174 2.20364e-08 -110.43 0.186644 23808.9 3.01501
3822.47 4603.99 -0.110785 5.42413 0.0332954 1.89782e-09 -108.744 0.199007 23381.7 2.80458
3819.17 4606.42 -0.115721 0.994104 0.00151374 9.55108e-09 -106.072 0.213752 31814.9 2.63787
3838.25 4580.21 -0.0997939 3.32742 0.0364652 5.8145e-08 -115.686 0.241349 29487.5 2.18418
3836.73 4583.47 -0.105268 3.12638 0.0601845 3.17232e-09 -117.015 0.247133 31286.5 2.47368
3843.63 4577.59 -0.105549 0.32259 0.298631 9.17928e-08 -125.773 0.226963 31622.7 2.76161
3845.49 4578.4 -0.110748 0.256501 0.20993 7.81864e-08 -131.947 0.221894 29218.3 3.05419
3860.15 4559.01 -0.097189 0.254494 0.212639 1.28094e-07 -143.475 0.173793 26359.6 2.82879
3865.9 4556.29 -0.0925243 0.143459 0.172307 5.87103e-08 -146.916 0.192233 28980 2.39928
3873.4 4549.68 -0.0916139 0.128647 0.173919 7.46618e-09 -153.066 0.22248 29488.3 2.17083
3875.06 4550.08 -0.0940976 0.0529548 0.144914 4.92915e-09 -159.623 0.249438 33731.6 2.64357
3875.04 4550.91 -0.102688 0.0607186 0.18619 3.72731e-08 -162.767 0.20812 33113.7 2.83934
3877.36 4552.06 -0.101779 0.286304 0.392462 8.7987e-09 -163.314 0.170295 34427.4 2.28678
3879.9 4552.34 -0.0955554 0.364191 0.560543 2.30993e-09 -165.3 0.213293 33035.2 2.19777
3882.44 4549.95 -0.0971107 0.496796 0.814067 1.36635e-10 -164.198 0.256332 34140.1 2.70274
3887.76 4554.25 -0.0942876 0.511013 0.964003 7.05924e-09 -162.371 0.238396 29361.5 2.85383
3891.66 4553.21 -0.0892078 0.457397 0.748148 2.35838e-08 -161.946 0.331486 25229.3 2.24083
3890.61 4553.09 -0.0824652 0.426907 0.671152 3.40187e-08 -161.369 0.312575 23438.3 2.13493
3890.29 4549.53 -0.083068 0.246749 0.400285 1.76823e-08 -158.435 0.500923 29101.2 2.62995
3892.99 4551.98 -0.0860808 0.273159 0.463834 4.2049e-09 -156.527 0.540023 21553.8 2.85483
3891.72 4548.01 -0.0816648 0.203264 0.338729 2.15515e-09 -155.257 0.597524 27678.6 2.75981
3891.61 4546.61 -0.0818364 0.0865681 0.144709 5.21497e-09 -153.748 0.694774 27104.7 2.07704
3890.14 4544.9 -0.0790852 0.000252838 8.81849e-06 1.80554e-08 -153.614 0.772652 29853.9 2.46074
3887.35 4542.56 -0.0756331 0.0011318 0.00222063 1.5394e-08 -156.32 0.809025 29579.8 2.737
3882.11 4537.16 -0.0707362 0.00678961 0.000619017 1.15371e-08 -156.943 0.881731 27462.7 2.77858
3886.07 4537.95 -0.0742212 0.00326235 0.00242416 5.31167e-08 -150.582 1.15472 22988.1 2.26676
3881.08 4536.64 -0.0674797 0.00572687 0.000393272 3.5479e-08 -154.61 0.931094 28105.8 2.34142
3876.63 4527.05 -0.0679897 0.00892125 0.0218757 7.68385e-08 -150.739 1.33601 31061.7 2.73315
3874.52 4521.34 -0.0746098 0.00162701 0.0118426 5.96128e-08 -145.993 1.76419 28392.7 2.78596
3875.16 4528.24 -0.0754785 0.00207307 0.00335428 2.43718e-08 -148.793 1.2861 31511.9 2.35221
3872.35 4525.78 -0.0757962 0.00495978 0.00945638 6.16806e-08 -142.046 1.40369 24782 2.29429
3873.45 4528.59 -0.0811609 0.00264018 0.00720527 6.88858e-08 -144.878 1.37686 28932.6 2.80095
3871.14 4528.05 -0.0830281 0.000397952 0.100325 1.23297e-08 -139.255 1.27801 26976.3 2.89589
3870.05 4522.12 -0.0862245 9.6027e-05 0.0500634 2.70554e-09 -137.432 1.59444 31727.9 2.84452
3873.43 4536.57 -0.0902167 0.00118662 0.0382896 2.36484e-09 -140.948 0.960456 32893.6 2.65326
3871.52 4537.91 -0.0939926 0.00828113 0.0271179 1.21888e-09 -137.172 0.930967 30984.9 2.32344
3873.26 4548.57 -0.0957288 0.00120317 0.00593918 1.28974e-08 -138.829 0.642841 29982.5 2.36051
3874.79 4556.39 -0.0998172 3.86144e-09 0.00120296 7.12114e-09 -142.215 0.533139 28376.3 2.42133
3879.14 4568.18 -0.0986433 0.00114771 0.00104648 5.01204e-10 -144.988 0.268043 27212.5 2.71427
3879.18 4574.81 -0.1013 0.000105458 0.00023731 1.15962e-09 -145.854 0.135562 28502.2 2.4768
3881.58 4576.43 -0.102878 0.00016684 0.00043515 1.35561e-08 -149.938 0.1154 30049.2 2.13576
3881.93 4581.25 -0.101235 0.00166101 0.000670276 1.768e-08 -145.293 0.0791085 31672.5 2.52484
3883.53 4582.27 -0.100646 0.000164972 1.06082e-05 5.64338e-08 -148.292 0.071627 27969.8 2.86342
3884.46 4587.04 -0.0969833 0.00363433 0.000111849 4.1966e-08 -147.585 0.0643624 29898.9 2.6283
3887.11 4589.62 -0.0980114 0.000777922 0.00031853 2.47366e-08 -152.494 0.0613648 32484 2.73167
3885.16 4586.63 -0.0993851 0.00295252 0.000993554 2.54306e-09 -166.197 0.0532591 30576.3 2.03818
3891.2 4593.7 -0.0803793 0.00943307 0.052761 8.22996e-10 168.241 0.0783341 15535.6 2.7104
3895.29 4596.68 -0.0754701 0.00155591 0.0225188 1.97613e-09 151.819 0.0819773 23773.4 2.78729
3891.9 4592.33 -0.0734088 0.00582459 0.0152482 2.94053e-09 153.023 0.0813328 31765.4 2.76015
3890.97 4588.49 -0.0748883 0.0073932 0.0168026 1.50957e-09 152.507 0.074013 32322.7 2.1228
3889.79 4583.39 -0.0778592 0.000178799 0.00263335 7.00305e-09 151.959 0.0686179 30412.7 3.02033
3887.75 4575.97 -0.0790235 1.75583e-05 0.00366171 6.68068e-11 150.441 0.0658378 27266 2.87548
3888.12 4576.52 -0.0782386 0.000394834 0.00661457 1.10949e-10 150.455 0.0692759 31912 2.20947
3891.07 4572.14 -0.0792757 0.000103583 0.00236161 2.07593e-10 151.837 0.0684218 32377.7 2.09861
3891.01 4569.2 -0.0769623 4.2356e-08 0.00536785 2.24068e-09 151.661 0.0747522 33339.9 2.66278
3891.13 4570.08 -0.0807967 0.000520615 0.00502734 6.46746e-13 151.003 0.0706915 33766.3 2.82527
3892.23 4565.56 -0.0799566 0.0132236 0.00320354 3.72899e-11 150.794 0.0716118 32962.8 1.99366
3892.91 4562.7 -0.0782736 0.00635546 0.00706907 7.63727e-09 149.945 0.070866 32803.7 2.40902
3894.82 4561.39 -0.0785967 6.03668e-06 0.000731735 1.40903e-10 149.486 0.0700934 29450.8 2.77469
3895.7 4563.27 -0.0756316 0.000803401 0.00225228 6.74165e-12 148.576 0.0691591 27423.8 2.36529
3897.13 4563.27 -0.0756576 0.000240518 0.00366877 2.8065e-10 147.099 0.0687931 24870.3 1.96116
3903.86 4566.38 -0.0733584 1.86323e-05 0.00234902 3.99013e-09 146.953 0.0678791 23419 2.68942
3901.67 4561.85 -0.0705309 0.000350017 0.00424681 5.24332e-10 147.08 0.0829004 20594.6 2.79313
3901.58 4566.88 -0.0683026 1.79874e-05 0.00391012 4.78406e-09 148.335 0.0906597 22727.7 2.28058
3911.06 4574.97 -0.0715249 0.000133258 0.00441785 3.24098e-09 146.86 0.0739527 23374.1 2.00906
3917.75 4588.59 -0.0799744 5.33033e-06 0.00590405 2.55248e-12 149.192 0.0650546 21203 2.56135
3903.75 4584.85 -0.0771755 0.00566554 0.00522846 5.75873e-08 145.714 0.0812328 26125.7 2.85483
3901.48 4590.8 -0.0830834 0.00819908 0.000409044 5.25317e-08 143.623 0.0716363 26413.9 2.92481
3892.44 4589.96 -0.08243 0.00464409 1.84889e-06 4.60605e-08 142.99 0.0787349 30301.3 2.12384
3896.25 4594.68 -0.0809913 0.0174586 0.00281115 1.87411e-07 147.58 0.081955 31116 2.23339
3896.98 4595.74 -0.0878905 0.0095643 0.000245538 4.67699e-08 146.317 0.0779042 32058.9 2.79205
3888.44 4600.25 -0.0881136 0.00329954 0.0217686 9.81163e-10 153.979 0.0800597 33249.1 2.7663
3885.46 4599.46 -0.0933601 0.0036997 0.0598664 1.77531e-08 159.798 0.0828215 30101.6 2.49453
3884.77 4603.31 -0.0950934 0.00244057 0.0276966 1.90979e-08 157.716 0.0727597 31330.7 2.12324
3883.87 4609.33 -0.0964301 0.00900072 0.0723828 1.3359e-08 157.305 0.0629368 28150.7 2.38844
3886.89 4611.04 -0.10139 0.00163425 0.018218 9.13627e-09 165.307 0.0544339 29435.2 2.77745
3875.51 4612.32 -0.0947216 0.0168145 0.00788279 8.51074e-08 168.981 0.0562528 30945.1 2.62031
3870.3 4613.68 -0.0968819 0.0114726 0.0182156 5.29061e-08 167.77 0.0563284 33171.2 2.0799
3875.34 4616.09 -0.0998903 0.0196423 0.0665177 1.39402e-07 168.267 0.0496486 33148.8 2.22403
