meanPX meanPY meanPZ varPX varPY varPZ meanAngle angleStdev NEFF elapsedTime
2415.57 2375.53 0.885271 1.31895 2.22978 2.32997e-07 -91.3606 3.78069 7060.4 3.03972
2444.85 2357.02 0.8826 11.6676 14.0472 2.14067e-07 -85.5424 3.34771 13606.3 3.04943
2410.79 2306.63 0.880599 3.96183 5.66081 9.24003e-08 -82.545 2.85433 15046.8 3.16605
2501.76 2325.43 0.881363 15.1932 13.2885 2.91821e-07 -64.8433 2.1044 17759.9 3.0517
2536.91 2246.1 0.877714 4.78796 3.94891 7.29417e-08 -55.8719 1.68343 15781.1 3.08572
2584.33 2186.59 0.876429 5.26045 4.21129 8.16189e-08 -52.2485 1.35435 22040 3.23926
2556.03 2158.39 0.87493 7.42704 6.42593 2.32088e-08 -43.3184 0.953242 19970.6 3.10277
2582.25 2159.52 0.878363 3.68007 8.26225 4.46201e-09 -43.2694 0.715999 24192.7 3.10386
2650.28 2143.14 0.874428 2.74278 5.36026 8.88067e-09 -36.3442 0.514348 24564.7 3.11879
2648.84 2155.69 0.882778 17.3513 5.1419 7.39593e-08 -35.4655 0.41957 29078.8 3.15576
2785.24 2111.86 0.886954 16.0358 0.292367 7.36768e-09 -37.2221 0.325602 27829.2 3.15954
2875.75 2138.77 0.883095 0.266791 13.7063 7.24102e-10 -38.3219 0.187505 26073.6 3.14914
2917.82 2143.6 0.884734 0.19572 18.4973 4.49418e-10 -41.8892 0.220554 29046.7 3.22987
2999.41 2156.76 0.886721 0.0651625 12.6318 5.85997e-11 -41.6785 0.117238 22370.9 3.14419
3085.75 2137.34 0.878085 1.18897e-05 3.59622 3.0355e-09 -52.6589 0.0827633 29409.3 3.12296
3153.29 2120.06 0.87547 0.826234 0.140963 1.89349e-07 -65.134 0.0559833 27460.8 3.28531
3175.42 2069.4 0.852458 0.253174 0.139831 5.41031e-08 -75.2138 0.0458361 25995.4 3.31269
3155.03 2056.2 0.843139 0.493449 0.253686 1.13702e-07 -74.3502 0.0419806 29157.9 3.24088
3168.85 2024.8 0.847205 0.330214 0.204187 6.54059e-08 -83.3347 0.0325534 30391.7 3.15086
3183.99 1984.25 0.840119 0.424469 0.0370627 2.69795e-07 -91.3636 0.0224667 27471.1 3.0668
3175.92 1953.12 0.848321 0.486041 0.0134622 1.98012e-07 -91.8478 0.0225512 33499.8 3.24247
3157.53 1921.1 0.841623 1.03524 0.0120331 2.3559e-07 -95.4849 0.0215133 34206.9 3.38285
3139.18 1874.04 0.835965 0.0958002 0.0207389 1.23474e-08 -99.8383 0.0204044 30898.1 3.40958
3115.16 1845.77 0.836009 0.128872 0.0299433 2.63094e-08 -104.889 0.0225981 29040.6 3.20241
3111.72 1783.33 0.843203 0.445447 0.0557028 6.55858e-08 -106.889 0.024676 35478.9 3.17493
3096.91 1737.66 0.852143 0.434753 0.0328742 3.48109e-08 -108.968 0.0217992 34146.9 3.19776
3091.67 1679.5 0.871147 0.0310487 0.00114009 7.18305e-09 -111.345 0.01897 28861.7 3.28702
3101.78 1616.81 0.879509 0.00152372 0.000139615 2.38942e-08 -113.44 0.0199152 24710.3 3.26175
3087.44 1557.45 0.88752 0.00324212 0.000921438 7.05614e-09 -118.125 0.0159162 27128.2 3.08101
3078.9 1512.87 0.892829 0.00195552 0.00520675 5.72859e-08 -120.671 0.0132443 28243.9 3.23695
3067.16 1466.4 0.896947 0.00150758 0.0109608 1.91761e-08 -124.586 0.0130719 29179.7 3.25863
3048.25 1406.7 0.923164 0.00339742 0.0241457 6.34392e-08 -130.164 0.0106276 28426.7 3.40983
3023.63 1337.31 0.929936 0.00728837 0.024836 6.86614e-08 -139.613 0.0125875 33194.6 3.38292
3006.34 1287.38 0.928553 0.0170496 0.0492804 4.59243e-08 -146.34 0.0122235 32247.2 3.33467
2984.91 1243.31 0.930423 0.0117095 0.0713022 4.34563e-08 -152.164 0.0135452 32367.7 3.11626
2925.85 1213.44 0.946295 0.0132046 0.106522 6.18667e-08 -150.548 0.013716 32635.3 3.14448
2903.2 1228.2 0.936004 0.000686462 0.0419486 4.48101e-08 -148.587 0.0718327 20657.1 3.1625
2853.09 1181.98 0.951301 1.31918e-05 0.0607663 1.5659e-08 -149.681 0.0515865 18088.5 3.13876
2834.52 1193.03 0.946537 0.0311991 0.00302959 1.7892e-08 -156.494 0.117514 20301.8 3.15553
2806.53 1171.13 0.956803 0.109391 0.0213121 4.52254e-08 -167.32 0.108042 21038.3 3.23533
2764.29 1181.36 0.959804 0.0326336 0.040601 1.59606e-09 -168.091 0.0976308 22433.7 3.08828
2697.37 1176.43 0.968173 0.0470672 0.0502248 2.20055e-08 -164.64 0.0800959 21785.6 3.2623
2623.34 1169.25 0.967417 0.161138 0.265187 9.61924e-08 -167.034 0.0599966 25902.2 3.02963
2588.58 1174.77 0.983335 0.0739976 0.121341 1.14713e-07 -165.648 0.0447434 27372.3 3.12522
2520.24 1157.76 1.00277 0.03707 0.100878 1.1112e-07 -167.9 0.0319365 25426.9 3.14183
2466.39 1173.31 1.02434 0.0474991 0.145321 1.05476e-07 -169.448 0.0294307 26629.7 3.08139
2455.05 1169.11 1.04384 0.0350867 1.54293 2.39241e-07 -178.212 0.0975266 22135 3.05605
2389.63 1168.11 1.07597 0.0251843 1.13481 1.50055e-07 178.437 0.0647996 23363.9 3.09868
2301.91 1166.27 1.09367 0.122279 0.261412 2.89588e-07 175.971 0.0496872 28044.7 3.08995
2253.38 1152.51 1.11913 0.0658186 0.151683 1.65319e-07 170.009 0.0403431 25919.7 3.36524
2169.57 1119.92 1.13381 0.059353 0.1438 1.28321e-07 156.988 0.0313228 24498.5 3.34238
2121.07 1117.77 1.12949 0.0390593 0.00362734 1.06407e-07 147.963 0.0197094 25074.3 3.14906
2053.83 1125.27 1.13349 0.0932979 0.00206435 2.76042e-07 138.685 0.0146238 24383.6 3.05245
2033.42 1162.11 1.13294 0.0900826 0.0010668 2.7122e-07 133.639 0.0132235 25171.8 3.09143
1984.09 1221.79 1.13784 0.133797 0.00155923 2.22366e-08 129.364 0.0104643 26227 3.31521
1944.13 1246.96 1.14119 0.245427 0.000947268 2.63834e-08 128.282 0.00821268 24417.7 3.11806
1913.06 1278.25 1.13373 0.0772331 0.000134408 3.63703e-08 123.362 0.00846468 26459 3.27013
1904.86 1309.93 1.1314 0.150002 0.000314641 9.9191e-08 123.046 0.0106738 31659.1 3.31257
1876.93 1381.42 1.14122 0.170713 0.00141682 1.25037e-07 125.666 0.0095789 20716.2 3.26106
1860.55 1422.73 1.12611 0.179346 0.00287536 1.56959e-07 124.628 0.00947049 26896.5 3.30473
1811.86 1494.86 1.14307 0.0206142 0.0807988 3.10395e-08 123.756 0.00989609 30235.2 3.17023
1762.28 1518.52 1.13061 0.0457021 0.0254523 9.08347e-08 126.131 0.011029 29572.2 3.05811
1700.48 1551.15 1.13778 0.173035 0.130185 3.34023e-07 127.488 0.0130984 31200.7 3.35473
1698.67 1583.6 1.12496 0.147242 0.134614 4.6842e-07 124.347 0.0145573 22629.7 3.23158
1644.4 1629.94 1.13582 0.0895003 0.0793794 2.65177e-07 125.789 0.0189172 29137.9 3.21818
1621.81 1653.23 1.11423 0.0948044 0.0949738 3.60235e-07 125.909 0.0206252 25294.9 3.09483
1581.21 1683.71 1.10361 0.0675852 0.0776889 2.32227e-07 125.676 0.0192089 28464.5 2.93513
1557.22 1700.33 1.0875 0.1624 0.216345 7.126e-07 126.582 0.0175179 22175.2 3.24494
1517.9 1725.86 1.10827 7.4888e-05 0.57171 8.60765e-07 119.209 0.0246806 28044.2 3.05752
1474.73 1736.67 1.07571 0.00143786 1.30415 1.80892e-06 112.885 0.0271211 21100.2 3.18619
1440.49 1761.57 1.06318 0.00289338 1.71371 2.2264e-06 107.821 0.0295919 24458.5 3.21638
1412.83 1792.8 1.03924 0.0171375 0.685687 1.16155e-06 102.175 0.0249067 22033.5 3.03494
1433.19 1861.04 1.06307 0.0253107 0.779903 1.34903e-06 95.1956 0.0375212 25086.3 2.97151
1442.68 1909.91 1.05005 4.46551 0.92335 3.72414e-06 89.437 0.0429235 27130.8 3.46591
1437.57 1926.29 1.01402 6.34584 1.56892 5.92071e-06 88.1568 0.0240895 26362.5 3.33327
1466.96 1960.23 0.998691 5.18848 1.55331 4.69366e-06 87.1948 0.0249203 25157.8 2.99376
1491.8 2008.17 0.982801 1.5792 0.528456 1.38171e-06 86.1449 0.0251253 26701.9 3.01749
1506.22 2040.35 0.982061 2.92112 1.05843 2.23699e-06 87.62 0.0217532 31420.1 3.31736
1523.74 2052.09 1.00454 0.838459 1.03362 8.13049e-07 86.1648 0.0244131 31088.1 3.43994
1524.39 2103.09 0.993666 0.647115 0.505144 4.48458e-07 88.3314 0.0201388 29049.6 3.20503
1530.17 2117.07 1.00305 0.544027 0.362633 3.311e-07 90.3542 0.0130727 32430.7 3.18142
1541.69 2140.37 0.993657 0.519925 0.274918 3.24993e-07 96.8572 0.0111183 33330.5 3.15253
1578.01 2168.57 1.0215 1.40217 0.53136 9.45107e-07 107.321 0.0141795 34417.3 3.25311
1570.9 2199.47 1.02121 0.0217107 0.0720893 3.70099e-08 108.61 0.010563 31898.3 3.22697
1569.41 2201.94 1.0414 0.0243133 0.0853035 4.56799e-08 109.217 0.010473 31801.7 3.15697
1531.99 2243.64 1.01664 0.00299875 0.0946885 7.42401e-08 110.14 0.0106757 28761.3 3.351
1506.64 2268.9 1.02022 0.00160784 0.164686 5.04815e-08 110.299 0.0111736 36177.1 3.24037
1491.26 2315.4 1.02716 6.33998e-05 0.055582 1.83565e-08 112.769 0.0106111 34034.7 3.02087
1494.33 2354.48 1.04617 0.00185909 0.110678 6.64873e-08 111.638 0.0126574 35882.7 3.20614
1452.88 2382.1 1.03018 0.00487244 0.168067 6.56298e-08 111.971 0.011491 31522.9 3.30331
1426.74 2401.56 1.03785 0.00410346 0.000608518 3.37041e-08 112.199 0.0125837 29922.2 3.23341
1406.43 2439.35 1.03548 4.49378e-05 0.0232264 5.63408e-11 106.52 0.0150741 36049 3.35398
1356.92 2465.64 1.0562 0.000210223 0.0402168 6.71539e-09 99.7302 0.0130089 36873.5 3.34097
1352.58 2470.17 1.05578 0.00393655 0.123719 2.44505e-08 98.7482 0.0548559 27152.2 3.3122
1353.8 2468.31 1.05375 0.00549171 0.0677859 3.6346e-08 92.1553 0.0626844 26114.7 3.44139
1352.23 2465.87 1.04289 0.0180964 0.117101 1.26628e-07 81.8231 0.120413 24559.9 3.13371
1364.07 2508.37 1.06415 0.0179027 0.0567766 1.15924e-07 72.759 0.0572759 23356.5 3.03607
1386.53 2570.4 1.06083 0.0183137 0.0613073 1.89528e-07 68.4919 0.0446254 31311.2 3.426
1378.36 2600.67 1.07591 0.000803261 0.0485304 7.66987e-08 68.8963 0.0281171 25875 3.37202
1417.08 2664.74 1.09888 0.0215318 0.100221 9.51613e-08 65.5315 0.02019 31833.8 3.19484
1425.39 2723.09 1.10496 0.0210998 0.102306 1.25853e-07 61.4296 0.0236875 30435.9 3.22393
1404.88 2770.73 1.10265 0.029715 0.124073 2.9053e-07 60.4016 0.0183233 28810 3.10731
1435.37 2817.34 1.12787 0.000774215 0.0686613 4.32628e-07 58.0817 0.0243372 26314.1 3.2424
1449.42 2902.29 1.12944 0.00594066 0.0188967 1.78472e-07 57.2055 0.0250533 19583.6 3.19297
1463.43 2957.03 1.13733 0.00975872 0.033764 1.84719e-07 55.915 0.0264044 28469.9 2.99844
1483.96 3007.15 1.13559 0.0558002 0.0719287 3.66044e-07 56.0961 0.0193961 28034.2 3.06523
1514.7 3045.19 1.14183 0.0696847 0.0204927 2.18794e-07 58.2853 0.0176078 24360.9 2.94067
1527.41 3074.07 1.13558 0.111425 0.0213096 3.2594e-07 57.3942 0.022422 28937.7 2.88463
1554.07 3144.08 1.13684 0.110698 0.0341692 6.15435e-07 54.5003 0.0191378 29601.2 2.28604
1548.69 3163.59 1.13383 0.175675 0.0277809 7.46527e-07 58.0325 0.0339258 29426.3 2.23492
1602.02 3197.33 1.14037 0.0294089 0.00320148 5.78065e-08 55.0783 0.0235494 31171.9 2.45193
1638.62 3237.37 1.14806 0.0328206 0.00022942 8.08524e-08 55.0396 0.0281122 32244 3.12676
1708.98 3294.06 1.16956 0.0191199 0.0221918 8.52155e-12 54.4323 0.0297651 26913.5 3.1322
1712.98 3299.95 1.14919 0.0471687 0.0152245 1.33642e-10 53.5037 0.0237914 31298.7 3.01096
1763.74 3347.14 1.17572 0.0189355 0.0203139 4.10791e-10 52.649 0.0339635 26054.5 3.20709
1788.15 3364.19 1.16109 0.0471137 0.000663845 1.69345e-07 50.2908 0.0390011 25619 3.0996
1840.94 3429.4 1.19828 0.108576 0.0124496 3.61594e-07 46.4333 0.0422199 23786.8 3.00208
1911.84 3477.28 1.2247 0.244444 0.0188416 2.54382e-08 44.6422 0.032651 24120.8 2.96331
1940.46 3499.34 1.19779 0.138717 0.03071 7.51575e-08 42.7632 0.0347642 26871.6 3.01307
2027.05 3525.32 1.22317 0.380428 0.062971 6.04417e-09 41.3301 0.0320107 24209.6 3.20905
1993.54 3494.26 1.19642 0.34722 0.0809266 4.99566e-08 41.3076 0.0392235 26063.1 3.30275
2016.36 3449.35 1.12494 0.12897 0.314188 3.76166e-07 39.5789 0.0309005 17718.3 3.25404
2089.85 3527.25 1.20209 0.391445 0.349713 3.65457e-07 34.344 0.0407803 28615.5 3.08198
2105.87 3576.59 1.15313 0.0699372 0.265939 4.13205e-07 34.9502 0.0285698 24785 3.02061
2112.05 3564.71 1.09447 0.00216941 0.291981 3.96751e-07 28.8164 0.0324997 19391.5 3.19557
2156.14 3582.95 1.06573 0.00153426 0.555069 5.58142e-07 23.2225 0.0214066 19466.6 3.0166
2204.23 3619.34 1.0186 0.830661 0.0741257 1.12715e-06 17.092 0.012225 18320.4 2.89941
2222.02 3636.44 1.00748 0.00432347 0.989963 8.06114e-07 15.7796 0.00893031 24496.2 3.05579
2246.13 3676.54 1.00184 0.00277069 0.212087 1.78175e-07 14.5515 0.00524467 25053.8 2.9598
2303.46 3685.31 0.994508 0.000180709 0.0106943 1.62343e-07 13.6441 0.00564152 28718.4 2.93496
2362.78 3702.24 1.00055 0.000992624 0.00439858 7.44745e-08 14.4878 0.00555516 32380.1 2.95042
2422.24 3734.07 1.00408 0.00251647 0.0023215 4.00841e-08 14.7864 0.00588576 31018.4 3.1695
2483.23 3746.7 1.01197 0.00228767 0.00682831 4.42261e-08 16.0154 0.00665101 34266.8 3.40781
2546.87 3763.93 0.998708 0.00164602 0.017259 1.35256e-08 15.7387 0.0072217 31311.5 3.1468
2610.53 3786.4 0.997681 0.000133778 0.00414192 2.8448e-08 12.7524 0.00667259 27308.4 3.1025
2779.69 3799.95 1.01913 0.00808878 0.00902321 3.47308e-09 9.01682 0.00692795 31085.8 3.33367
2876.2 3865.98 1.02032 0.000925444 0.0172108 2.87958e-10 6.03644 0.0103048 27921.1 3.26851
2907.44 3861.89 1.01916 0.000342476 0.00673187 2.69318e-10 3.74114 0.0127441 31419.6 3.1156
2953.29 3887.35 1.01004 0.000245745 0.0881029 3.03266e-08 -0.0618149 0.00892273 25312.6 2.99035
2995.42 3882.81 1.00981 4.47451e-05 0.11486 7.56023e-08 -5.42261 0.0132278 30887.3 3.04029
2992.16 3868.11 1.00413 0.000120885 0.0521503 2.58568e-09 -9.65702 0.0157911 29716.5 2.95387
3029.28 3863.65 1.00436 0.00483412 0.16939 2.67565e-09 -18.188 0.0174621 27243.5 3.17598
3042.64 3854.46 0.998881 0.00881391 0.105557 3.46245e-09 -24.5433 0.0134044 28088.4 3.16403
3062.46 3860.4 0.991241 0.000243569 0.00219653 2.52287e-08 -31.9001 0.0157842 28190.7 3.0654
3094.3 3839.76 0.989407 1.04228e-05 0.000781217 2.46764e-08 -37.4407 0.0143427 28051.4 3.21176
3143.59 3797.57 0.985081 0.0020973 0.0211093 1.8191e-08 -47.9583 0.0194844 29969.2 3.33475
3211.99 3706.18 1.00041 0.0100325 0.0103927 1.74896e-08 -46.2257 0.0114315 23795.9 3.46948
3176.51 3719.22 0.989389 0.019598 0.004516 1.37653e-08 -45.3053 0.0103953 27157.8 3.26371
3142.49 3735.03 0.981639 0.000372743 0.0503332 1.42956e-08 -47.8358 0.00976558 30853.5 3.25564
3133.93 3722.42 0.975964 0.00542009 0.0550761 2.01269e-08 -50.9826 0.0119416 32790.8 3.16188
3146.59 3707.16 0.975193 0.00650783 0.0514224 4.73137e-08 -57.5451 0.0134032 32188.8 3.06543
3167.11 3692.58 0.957397 0.0174854 0.0921493 1.8887e-07 -62.93 0.0110761 26600.6 3.236
3188.04 3694.14 0.95465 0.00899542 0.0365815 4.11301e-08 -68.1071 0.0105335 31442.9 3.183
3212.32 3663.6 0.94551 0.0140028 0.0479024 6.68992e-08 -74.3198 0.0107393 31935.4 3.19283
3217.36 3630.81 0.943245 0.00310401 0.0522654 1.05647e-07 -79.842 0.00988807 30822.1 3.36362
3237.23 3618.48 0.936009 0.00311528 0.0227211 2.69014e-08 -87.5663 0.00898823 32028 3.41204
3235.99 3609.16 0.944832 0.00157867 0.0277908 6.04733e-08 -91.5883 0.0112173 33609.3 3.25538
3235.64 3574.76 0.93494 0.00584021 0.0947097 1.6973e-07 -93.7491 0.010336 31847.2 3.22551
3222.05 3548.91 0.948381 0.00152632 0.0423605 8.76974e-08 -96.3529 0.0119528 34483 3.27252
3206.07 3525.36 0.946969 0.000349489 0.0472326 1.93824e-07 -97.2828 0.0128957 36517 3.20144
3185.18 3468.91 0.929697 0.00337447 0.0615425 8.72123e-08 -97.0094 0.0108972 26957.9 3.16482
3170.73 3407.28 0.933551 0.0170523 0.0568932 1.51185e-07 -96.9071 0.010903 29822.8 3.18542
3158.89 3366.11 0.930678 0.0126972 0.0659146 1.60765e-07 -98.3977 0.0125041 34459.1 3.12399
3158.74 3358.67 0.92076 0.00431275 0.0457784 7.82785e-08 -96.3907 0.0113572 35073.4 3.33731
3133.78 3310.4 0.920661 0.00505014 0.0583218 7.93285e-08 -100.605 0.0101894 28768.2 3.23839
3150.04 3312.53 0.893281 0.00879322 0.0556442 6.87844e-08 -96.4821 0.00989132 29225 3.07279
3135.87 3263.09 0.895727 0.0146795 0.0782544 1.19341e-07 -98.7328 0.0100383 35740 3.16382
3138.95 3253.43 0.872027 0.016678 0.158748 3.09285e-07 -97.753 0.0123436 36398.6 2.91345
3151.14 3208.03 0.881219 0.0165665 0.166186 3.47818e-07 -101.252 0.0114764 34683.5 2.69305
3148.99 3171.46 0.864535 0.000184992 0.0347756 1.04821e-07 -102.333 0.0151386 35710 2.61797
3144.47 3133.43 0.861451 0.00276064 0.0397687 1.64755e-07 -100.019 0.0177498 34639.5 2.41695
3147.17 3122.96 0.852951 0.0131883 0.0940463 2.12049e-07 -100.604 0.0178119 38040.5 2.10095
3158.42 3100.97 0.86226 0.0126601 0.0583521 1.12629e-07 -100.849 0.0181237 33550.7 2.46909
3152.47 3084.14 0.861912 0.0119031 0.0406777 6.06336e-08 -101.244 0.0220787 34154 3.06392
3134.29 3052.39 0.862246 0.00863064 0.00996341 5.77999e-08 -101.856 0.0240243 34732.4 3.14511
3139.93 3053.39 0.86317 0.00795285 0.0144535 1.02347e-07 -106.525 0.0734351 29819.8 3.16171
3128.11 3028.56 0.847806 0.0284867 0.0279423 1.99682e-07 -103.493 0.0717775 30733.1 3.4386
3106.57 3022.79 0.846027 0.011694 0.0273892 3.27357e-07 -105.369 0.0702879 32002 3.31583
3090.39 2995.99 0.812828 0.00150821 0.0189112 1.73002e-07 -110.955 0.0608855 31498.7 3.25562
3084.22 2960.95 0.838688 0.00752062 0.0392953 2.51688e-07 -107.694 0.0708658 34984 3.12543
3070.17 2935.75 0.848689 0.000943167 0.0545302 3.01383e-07 -109.342 0.0755451 30717.1 3.56373
3076.96 2937.86 0.848385 0.00306859 0.0718387 3.00896e-07 -112.269 0.118316 32404.6 3.4222
3071.47 2908.22 0.846042 4.90131e-06 0.0788846 2.25713e-07 -112.784 0.113939 30804.1 3.19538
3061.21 2869.9 0.846091 0.00976069 0.0603362 1.63372e-07 -110.698 0.0988683 32120 3.2009
3066.55 2852.86 0.847993 0.0110548 0.0446847 1.81731e-07 -110.702 0.111076 28863.4 3.29823
3019.15 2825.08 0.845804 0.0694799 0.101666 3.26194e-07 -116.134 0.0952367 33890.8 3.05988
3046.64 2793.85 0.855848 0.0264065 0.0713873 1.67139e-07 -106.226 0.108592 30905.7 3.02976
3028.99 2756.09 0.862613 0.0988969 0.156957 1.97205e-07 -107.037 0.115659 32528.9 3.03786
3038.36 2716.14 0.852246 0.104912 0.144688 1.43698e-07 -101.629 0.125543 30629.3 3.00563
3063.09 2663.08 0.843274 0.358507 0.0187416 1.60734e-07 -102.235 0.118772 29219.5 3.28183
3053.62 2678.45 0.823025 0.11842 0.00688573 8.58613e-08 -115.466 0.112442 31089.7 3.41867
3137.26 2523.41 0.846589 0.208547 0.00533534 1.2448e-07 -137.41 0.0805426 29865.8 3.34015
3134.8 2393.81 0.862498 0.18007 0.0186666 1.15509e-07 -156.472 0.0510538 20908.5 3.146
3112.09 2451.68 0.881749 0.042085 0.0114554 4.47041e-08 -156.2 0.0537188 30578.5 3.18987
3097.35 2476.47 0.875108 0.0791039 0.00409552 6.89045e-08 -155.622 0.0458795 33166.5 3.29979
3074.96 2483.1 0.887146 0.0160056 0.000498356 4.52237e-08 -154.987 0.0335676 31149.2 3.06555
3029.83 2488.98 0.888308 0.0015958 0.000522126 5.24321e-08 -154.979 0.0290434 33496.9 3.22351
3004.5 2494.39 0.892815 0.00462264 0.00233306 3.65754e-08 -155.133 0.0276916 34985.2 3.04181
2951.72 2484.63 0.893124 0.00740299 0.0207951 8.21385e-08 -155.288 0.0277392 35740.3 2.89415
2928.7 2483.9 0.895565 0.0166797 0.0207722 4.09848e-07 -153.818 0.0240855 34336.2 3.2782
2939.13 2476.84 0.902091 0.0140119 0.0278374 3.83669e-07 -153.115 0.0211832 30546.6 3.13322
2899.87 2458.24 0.913084 0.00560874 0.0387561 2.01379e-07 -151.921 0.0198313 35393 3.07138
2859.99 2462.53 0.901003 1.67287e-05 0.0198089 1.55813e-07 -153.455 0.0201083 34128 2.90178
2828.93 2396.51 0.902089 0.00241665 0.0408617 2.25054e-07 -151.16 0.0144158 28356.6 2.3453
2794.42 2381.03 0.903625 0.0100769 0.0267675 2.57541e-07 -149.716 0.015782 34110.1 2.093
2764.26 2351.86 0.870179 0.0220013 0.0291695 2.99917e-07 -150.439 0.0143905 32758.7 2.52578
2695.43 2277.53 0.873605 0.015509 0.0205673 3.12359e-07 -148.789 0.0138295 30459.7 3.14424
2587.53 2320.38 0.905028 0.0976338 0.0264509 7.09157e-07 -147.2 0.0149326 32149.5 3.18844
2593.42 2278.95 0.898969 0.034384 4.98073e-05 4.70303e-07 -148.229 0.013178 30302.6 3.31895
2611.53 2133.5 0.897786 0.00528834 0.0283481 4.5678e-07 -149.628 0.00920085 29214.9 3.45064
2623.37 2005.55 0.909544 0.00119365 0.0546229 3.26804e-07 -149.02 0.0101075 31908.7 3.42875
2659.61 2140.45 0.924268 0.000121181 0.0104881 1.20401e-07 -151.183 0.0101399 33609.8 3.2276
2674.02 2134.48 0.910414 0.150747 0.0631864 9.0718e-07 -153.107 0.00998112 31093.8 3.3277
2698.93 2209.4 0.911395 0.126313 0.0147889 2.87979e-07 -154.028 0.0103748 32925.6 3.06517
2693.64 2155.77 0.898631 0.0670057 0.0186789 4.50789e-07 -150 0.0121725 35368.6 3.38955
2680.66 2136.57 0.912 0.0505514 0.0410458 6.1692e-07 -151.607 0.0113817 34137.6 3.187
2740.73 2191.68 0.883296 0.0815021 0.0195146 2.72521e-07 -147.346 0.0131759 35192 3.2175
2710.87 2191.81 0.912905 0.0158441 0.0082728 3.41736e-07 -139.708 0.0131349 34289.1 3.08176
2723.99 2188 0.884615 0.0254402 0.0083034 3.90351e-07 -143.286 0.0137568 34267.6 3.20414
2727.55 2167.3 0.879843 0.0871889 0.0116077 3.34076e-10 -145.883 0.0131891 34790.2 3.21269
2680.11 2139.32 0.892161 0.069572 0.0137397 1.0925e-08 -139.885 0.0116164 34576.2 3.01173
2742.17 2210.3 0.890003 0.100663 0.00668222 6.13008e-10 -138.162 0.0126285 36656.5 3.00669
2741.53 2239.21 0.890257 0.18334 0.0166689 6.20346e-09 -140.69 0.0134262 37313.7 2.89139
2741.92 2189.91 0.861645 0.0850109 0.00850034 1.0418e-09 -139.846 0.014831 35448.3 2.67174
