meanPX meanPY meanPZ varPX varPY varPZ meanAngle angleStdev NEFF elapsedTime
2121.37 2633.58 0.0924799 0.0841185 0.962367 1.28734e-08 158.334 8.03979 3150.74 3.23247
2049.22 2780.66 0.0917134 0.0210107 0.0717748 6.69726e-10 163.64 7.36734 7410.8 3.14504
2041.58 3016.54 0.0926351 0.0133618 0.751171 1.66532e-09 -171.564 7.20145 13665.1 2.35046
2070.36 3191 0.0932291 0.000844838 0.702471 1.8216e-12 -167.315 5.20719 18542.7 2.36029
2094.71 3305.8 0.0957491 10.9019 112.856 2.51899e-11 -157.661 4.79162 24131.4 3.19714
2110.95 3472.29 0.100218 3.14468 34.9813 5.16502e-10 -156.931 3.92949 26304.3 2.92224
2154.71 3548.58 0.101378 9.71589 2.02196 1.73839e-08 -158.747 3.56457 29231.3 2.87746
2152.21 3600.65 0.10228 28.968 7.52513 1.36737e-07 -161.443 3.11047 30681.6 2.22211
2189.63 3643.28 0.107038 11.0206 3.22728 4.9545e-08 -153.687 2.59567 25885.7 2.60482
2232.05 3735.73 0.11114 7.11977 2.38677 1.39843e-08 -155.771 2.52478 31228.4 2.84607
2283.39 3832.9 0.115149 55.9441 5.62786 5.34166e-08 -156.581 2.27477 31152.7 2.93182
2335.55 3875.79 0.11694 63.9108 6.03533 2.05005e-09 -161.899 1.94171 29678.2 2.86503
2546.22 3916.03 0.124654 27.2273 2.79875 1.32526e-08 -165.036 1.99988 25529.3 2.18842
2538.22 3925.37 0.120903 57.0114 5.6314 1.39353e-08 -163.541 1.86497 29782.1 2.47329
2715.05 3946.17 0.130176 47.3199 5.22785 1.22117e-08 -177.338 1.91941 27850.8 2.82794
2829.85 4009.77 0.131023 15.667 1.42831 8.00547e-08 169.752 1.64782 28556.7 2.73665
2835.99 4015.82 0.127384 34.7787 3.22044 1.29617e-07 164.05 1.70659 27351.3 2.18679
3206.57 4172.12 0.14648 21.7936 1.56653 2.84438e-07 160.504 1.20103 24625.7 2.44783
3244.67 4165.79 0.155354 8.77405 0.722925 1.34705e-07 154.111 1.26864 26091.9 3.08667
3308.9 4217.59 0.153881 11.7276 0.77498 1.72852e-07 143.13 1.14783 29978.9 2.75384
3352.27 4238.7 0.169822 40.584 6.35554 2.95379e-08 142.211 1.21302 28283 2.3011
3405.03 4254.27 0.174628 23.5259 3.41393 6.7977e-08 141.374 1.16313 28568.7 2.26793
3421.95 4254.82 0.178767 15.8247 2.13753 6.5233e-08 138.01 1.11519 28664.7 2.5001
3428.29 4282.38 0.180303 9.86561 2.45988 8.53282e-08 133.124 1.16522 32865 2.81772
3425.51 4303.71 0.186639 15.4297 3.39445 8.63581e-08 129.436 1.08095 29439.8 2.84859
3434.43 4280.06 0.184376 33.9258 6.4291 1.14349e-07 129.382 0.937403 25821.9 2.82104
3245.14 4088.82 0.194142 14.5947 1.18299 3.18679e-08 130.178 0.995052 26129.2 2.32831
3032.36 3909.7 0.196039 14.6523 0.069607 7.69015e-09 128.116 1.50815 19985.7 2.38461
2831.02 3861.54 0.198628 4.35574 0.00186785 1.06289e-08 109.196 1.59683 19116.6 2.98226
2822.03 3990.7 0.199659 4.85812 0.279849 4.19407e-08 102.901 1.39725 21041.6 3.01023
2569.77 3734.6 0.206043 0.603144 0.5058 6.49081e-09 106.884 1.73388 22366.7 2.94098
2074.74 3581.35 0.218553 1.75914 2.17549 6.15715e-09 84.5005 1.25448 16277.8 3.12905
2009.34 3679.44 0.22537 0.762223 0.399126 1.12807e-10 75.7749 1.16883 22054.3 2.88902
1495.23 3623.32 0.223012 8.5442 1.03596 1.17587e-08 56.9315 0.803315 16558.6 2.08313
1470.71 3603.4 0.221725 2.432 0.256624 5.21007e-09 50.8354 0.910442 24445.2 2.45851
1197.42 3769.77 0.214172 9.36315 0.126156 6.99937e-09 47.9571 0.365659 22133.6 3.1802
1289.5 3789.63 0.210593 22.4545 2.38599 3.21841e-08 55.8515 0.70042 21217.9 2.8514
1347.67 3790.77 0.21867 22.6242 2.71902 4.28693e-08 51.1194 0.659467 25094.3 2.48853
1484.58 3830.42 0.209885 63.0398 7.6368 1.9374e-07 60.4779 1.22539 21668.2 2.28474
1367.99 3827.3 0.210789 47.9134 5.23198 3.60105e-09 55.633 1.06567 29102.4 2.72378
1551.93 3826.71 0.212211 52.5933 6.79959 6.5571e-10 59.5697 2.01912 24445.8 2.82978
1649.01 3816.48 0.212115 52.4491 8.00075 2.96697e-09 55.767 2.91271 26152.1 2.29361
1874.82 3790.58 0.214131 44.6155 9.50738 9.99787e-09 -135.408 4.72832 23274.7 2.29697
2042.76 3768.87 0.216774 33.0063 9.22197 3.25685e-08 -127.18 2.27325 25219.7 2.78176
2213.26 3794.76 0.223936 14.3578 4.99678 1.14706e-08 -129.513 0.927362 19717.7 2.99017
2249.01 3819.14 0.222014 6.0703 2.11434 1.56068e-08 -130.793 0.723104 25607.1 2.22212
2270.47 3882.11 0.218652 10.6074 3.07483 1.25246e-07 -130.723 0.666561 22063.7 2.27931
2298.96 3907.41 0.220676 21.0798 5.75088 5.47923e-07 -133.065 0.437311 25742.2 2.6443
2283.21 3923.06 0.217477 80.3238 5.94743 7.55044e-07 -131.781 0.468203 25228.4 2.706
2184.61 3942.63 0.217238 56.786 4.5039 5.05588e-07 -150.232 0.826888 27401.4 2.43667
2209.5 3926.52 0.214601 110.41 8.74369 8.01089e-07 -157.502 0.757739 32197.8 2.09586
2249.33 3918.3 0.203889 81.0268 6.48213 4.50074e-07 -170.268 0.542632 32050.5 2.78735
2176.32 3920.13 0.218243 68.2852 5.79593 5.74865e-07 175.027 0.698788 31204.2 3.0583
2246.15 3915.22 0.200914 89.3829 7.11165 4.01257e-07 178.194 0.560586 31115.7 2.64524
2204.86 3925.08 0.196155 136.219 10.9352 7.49618e-07 172.889 0.740624 27500.9 2.13943
2248.18 3920.32 0.187252 76.0418 6.03992 2.38962e-07 174.294 0.652735 20301.5 2.47915
2236.54 3925.44 0.199382 33.0549 2.53202 1.3699e-07 159.252 0.636976 22860.3 2.64458
2213.55 3921.2 0.206007 79.906 6.3841 5.01031e-07 162.9 0.728046 25251.1 2.94378
2187.12 3916.65 0.239842 31.0666 2.69962 3.51591e-07 168.638 0.585973 22232 2.8376
2111.35 3932.17 0.222462 15.0146 1.39683 1.27912e-07 165.009 1.14945 21755.1 3.04954
1991.35 3940.56 0.232322 24.6158 2.52857 2.33344e-07 163.076 1.70413 26200.7 2.93567
1878.06 3947.49 0.251621 56.5629 8.74573 4.29932e-07 160.113 2.58384 24888.3 2.44947
1627.43 3980.32 0.214054 36.2849 7.70512 2.73635e-07 13.6076 2.89226 20492.6 2.38216
1433.58 3993.92 0.223012 28.6056 8.37166 5.18483e-07 0.00572153 1.25249 19874.2 2.70261
1363.05 4006.99 0.217717 9.74018 3.31924 1.34238e-07 0.455612 0.790693 27295.1 3.10219
1315.67 4015.79 0.223984 20.9628 7.68565 3.51056e-07 2.25622 0.507812 31174.2 2.88056
1299.87 4015.8 0.217629 20.0646 7.46623 4.28865e-07 -2.21585 0.43571 28786.7 2.43333
1358.98 4008.52 0.223818 22.6509 7.92353 6.02666e-07 -2.4024 0.734821 32084.8 2.14527
1467.94 3992.94 0.22158 29.3335 8.64374 7.72731e-07 -6.217 1.66541 27591.2 2.77235
1428.41 4002.61 0.207955 13.3629 4.05011 2.63135e-07 -15.0577 1.27992 27110.2 2.8152
1429.29 4007.95 0.20041 24.3358 6.73604 2.28106e-07 -21.1977 1.39213 26773 2.4189
1371.44 4016.3 0.204301 31.1587 9.39178 2.38911e-07 -31.1167 0.76011 28725.1 2.27108
1368.39 4012.3 0.200139 11.591 3.54525 7.14963e-08 -33.1528 0.717993 30654 2.93568
1339.61 4012.17 0.21097 9.69797 3.31655 5.33043e-08 -39.0649 0.342962 28898.3 2.99362
1327.15 4011.45 0.208537 12.4595 4.42804 4.21599e-08 -43.5401 0.204768 28025.7 2.98059
1334.95 4006.17 0.217376 15.7577 5.62867 2.85494e-08 -40.3003 0.19233 25787 2.19867
1346.83 3997.76 0.216799 20.8429 9.57085 1.98018e-08 -42.1948 0.233821 29541.6 2.42634
1311.73 4012.36 0.222371 48.33 24.7182 7.62021e-08 -38.9987 0.239539 24494.8 3.13014
1308.08 4019.98 0.229582 28.123 14.2036 3.23986e-08 -38.024 0.310957 26919 3.02501
1353.78 4000.54 0.236667 22.9337 11.6067 3.15345e-08 -38.76 0.346861 25225.7 3.04303
1158.38 4147.12 0.217868 42.0693 20.578 1.87456e-08 -14.5434 0.715314 16069.7 2.84031
994.044 4263.25 0.210183 8.51119 4.19996 1.23532e-08 11.4575 0.77835 15217.4 2.103
720.67 4449.47 0.200988 2.21093 1.14992 9.42852e-09 45.1375 0.453143 11569.9 2.40545
569.749 4558.94 0.188774 0.316154 0.299646 3.90907e-09 58.4991 0.161687 13268.2 2.70572
653.073 4497.63 0.192596 0.308875 0.187287 3.08148e-10 54.0458 0.363278 30226.2 2.41238
575.695 4564.46 0.180376 0.110983 0.099714 2.6248e-10 58.6223 0.189892 24556.5 2.19276
614.168 4537.68 0.165452 0.379967 0.285367 3.02174e-08 59.1971 0.278908 21608.4 2.77523
612.917 4546.11 0.15052 0.375012 0.301578 4.65907e-08 57.9437 0.265175 24477.1 2.90761
682.19 4491.59 0.139547 1.16263 1.13909 9.28851e-08 52.5464 0.374218 20176.2 3.05115
669.034 4507.97 0.131155 0.810796 0.836527 9.80711e-08 54.1696 0.353347 25964.2 2.22708
717.19 4470.4 0.114389 0.701097 0.697593 9.9742e-08 47.7704 0.438618 25146.6 2.13669
843.313 4367.48 0.102386 1.37117 1.24248 1.49644e-07 28.0492 0.574808 24548.6 2.64983
858.19 4359.1 0.107968 1.76323 1.46179 4.16947e-09 22.0965 0.609852 31253.1 2.89044
855.28 4360.43 0.103328 1.85294 1.6662 5.75703e-10 26.9923 0.714714 28653.8 2.47306
823.058 4385.28 0.101748 1.50291 1.48638 1.95677e-08 25.6719 0.775639 28336.9 2.22585
815.087 4389.08 0.0968484 0.550916 0.606574 1.97901e-08 26.8802 0.780653 22757.3 2.58318
829.254 4378.48 0.0993651 0.698498 0.732869 1.4808e-08 19.6614 0.772364 31225.5 2.85338
892.761 4325.98 0.0995853 2.55559 2.14731 1.13922e-07 3.2318 0.781753 32130.1 2.69188
894.068 4324.21 0.0951336 2.07614 2.34848 1.88202e-10 1.54421 0.792136 32232.6 2.04032
907.541 4313.36 0.0987848 2.91434 2.88263 1.10013e-08 -0.61698 0.793016 32214 2.4137
950.449 4273.09 0.0968208 2.28282 2.26508 8.65997e-09 -12.3178 0.700199 30912.2 2.82069
981.885 4245.49 0.0943483 4.27992 3.90268 2.48818e-08 -20.908 0.633618 31792.1 2.68261
1003.25 4224.55 0.0993901 6.16832 5.66877 3.61405e-08 -28.9957 0.559592 33020.8 2.07228
1063.34 4172.47 0.100075 5.32629 5.15776 2.27595e-09 -39.1605 0.420344 30834.2 2.64734
1081.33 4156.21 0.102476 3.58596 3.52095 1.09643e-09 -42.5388 0.37112 33052.1 2.97143
1098.79 4140.94 0.10185 2.96777 2.99392 4.42161e-14 -45.7902 0.327198 32310.7 2.86097
1107.01 4133.25 0.106511 7.31217 7.51018 1.58817e-09 -44.3347 0.307565 33304.6 2.52518
1108.64 4132.48 0.110076 6.00641 5.98978 2.90893e-10 -46.2099 0.311637 32391.6 2.38776
1118.39 4124.36 0.110769 9.03861 8.05705 9.82533e-09 -48.1417 0.291747 32605.7 3.02734
1120.05 4122.81 0.109674 6.56958 6.00955 2.0731e-08 -48.6918 0.283162 31723 3.26981
1143.71 4106.44 0.120935 7.08436 6.3029 2.51764e-09 -48.2343 0.259864 25176.7 2.90948
1166.78 4084.91 0.104706 6.54701 5.92636 1.92716e-08 -50.3842 0.184891 24614 2.3395
1170.69 4080.51 0.110137 12.7812 11.3518 9.10564e-08 -50.5494 0.195244 26141.8 2.40433
1189.64 4064.86 0.116131 1.77088 1.57823 9.99325e-09 -51.4845 0.159038 27439.4 3.12269
1188.45 4068.19 0.122481 4.61582 4.28096 2.05311e-08 -51.5584 0.19818 28966 2.80378
1190.19 4066.37 0.141301 10.6509 9.89211 3.42205e-08 -50.3146 0.242956 22452.5 2.18503
1181.13 4080.95 0.138603 7.89945 7.12883 1.71385e-08 -48.9234 0.285747 26274.7 3.135
1202.94 4069.99 0.130054 5.38578 4.59174 1.61109e-08 -54.1093 0.233896 20092.4 3.0257
1196.64 4077.11 0.124169 7.2744 6.26317 3.42824e-09 -54.3116 0.247311 24222.4 1.95165
899.546 4368.94 0.134387 1.5194 1.24658 6.21945e-09 -14.1901 0.663505 8797.62 2.71587
1026.44 4245.72 0.128504 3.89643 3.61356 7.96201e-09 -34.9987 0.587406 22872.9 2.99071
1000.51 4275.41 0.136604 2.84724 2.72626 1.00922e-08 -31.3859 0.576641 25592.8 2.6803
803.983 4473.53 0.137997 1.89159 1.75124 4.63208e-08 -9.34938 0.466852 16823.5 2.08529
745.233 4542.09 0.131627 1.09457 1.14211 7.13804e-08 -1.82959 0.376599 20369.4 2.99758
910.417 4379.05 0.128057 1.40455 1.54111 2.81165e-09 -30.1136 0.638366 24536.2 2.83192
730.765 4568.23 0.123573 0.256095 0.308156 1.532e-08 -10.6395 0.328252 19837.3 2.13506
700.112 4613.91 0.11988 0.0694527 0.122333 1.22278e-09 -13.6685 0.205554 23608.1 2.5793
696.173 4623 0.122523 0.0708049 0.129934 2.04555e-09 -16.1398 0.159718 23185.5 2.89612
690.944 4631.45 0.119044 0.0685909 0.169966 6.4899e-10 -18.6105 0.139759 25322.6 2.72691
688.757 4636.63 0.125361 0.0434028 0.0376557 4.64299e-08 -21.5959 0.102021 25239.4 2.32885
706.899 4616.91 0.115428 0.0375853 0.0584687 4.72506e-08 -23.8209 0.139424 25846.2 3.0344
704.831 4627.3 0.123064 0.0891749 0.156077 3.04216e-07 -25.6173 0.10759 27890.9 2.97897
710.796 4618.41 0.125016 0.0904476 0.0694257 1.57891e-08 -26.5975 0.11488 24822.5 2.82967
704.377 4625.86 0.119405 0.0619725 0.0701997 5.48124e-09 -27.9347 0.0907218 26161.7 2.07265
695.557 4634.81 0.121572 0.01953 0.0351756 1.58776e-08 -30.4541 0.0619998 26441.6 2.51243
700.862 4622.53 0.115906 0.0220919 0.125703 1.43905e-07 -37.16 0.0550794 23552.8 2.83091
703.542 4624.13 0.113568 0.0122967 0.0840399 7.8231e-08 -41.1335 0.0498257 22377 2.75278
695.77 4621.07 0.0973973 0.00394658 0.0447947 4.53093e-08 -44.6988 0.0571337 20761.7 2.23436
690.975 4615.31 0.0887795 0.0122266 0.138931 4.02905e-08 -50.3962 0.0536045 20050.9 2.40087
685.761 4605.66 0.0908885 0.00526428 0.107269 6.14684e-09 -57.2636 0.0460348 21778.8 3.12331
681.014 4600.78 0.0917902 0.00294213 0.221697 1.17497e-08 -63.4166 0.045098 25234 2.88339
681.686 4596.59 0.0876575 0.000437486 0.064545 5.86745e-10 -70.2839 0.0481738 27029.6 2.67503
679.944 4595.31 0.0869755 0.00130164 0.0938312 7.8114e-09 -76.3529 0.0503879 29039.8 2.14913
680.834 4591.61 0.0941702 0.00107172 0.136628 2.28201e-08 -84.3452 0.0461288 31192.8 2.76533
680.004 4585.63 0.0930588 1.37516e-05 0.177463 6.28963e-09 -90.4066 0.0445019 30765.3 2.93908
680.083 4581.8 0.0877197 4.59634e-05 0.215318 8.10272e-11 -98.3052 0.0470881 30449.4 2.72103
679.068 4570.7 0.0886123 0.000318437 0.133943 4.03596e-11 -98.6254 0.0511775 29285.7 2.13387
680.456 4574.81 0.0831633 0.00551521 0.209838 4.6014e-09 -99.8207 0.052392 26160 2.69078
675.912 4575.37 0.0896725 0.0229632 0.546047 2.33075e-08 -100.671 0.051089 31700.9 2.80565
676.807 4572.18 0.0959178 0.00998394 0.114932 8.14616e-09 -103.963 0.0492386 32173.4 2.68523
681.259 4576.11 0.0790895 0.00128813 0.272777 3.52789e-08 -112.389 0.0578193 24586.4 2.14267
679.494 4573.21 0.0835344 8.52079e-05 0.161056 3.54331e-09 -118.455 0.0628224 30194.9 2.9885
680.604 4572.22 0.083677 1.35225e-06 0.204423 5.86763e-09 -123.183 0.0625152 30094 2.86546
683.334 4574.48 0.0771448 0.00016387 0.143918 5.80373e-09 -127.862 0.0709966 26592.6 2.59308
683.242 4584.12 0.0649225 0.00376617 0.135445 3.05269e-09 -136.08 0.0756908 19251.6 2.01283
683.535 4586.32 0.0610032 0.000633973 0.0958247 1.35469e-08 -143.241 0.076774 23520.1 2.67781
681.966 4584.65 0.0611491 0.000172013 0.0439496 6.05281e-09 -148.948 0.0743458 24799.6 2.94273
682.184 4591.86 0.0607085 0.000876395 0.0715679 2.92797e-08 -147.369 0.077926 22181.8 2.59351
680.545 4589.62 0.0627405 0.00151893 0.0586714 3.77593e-08 -152.169 0.0691849 22807.8 2.10106
678.22 4596.7 0.0600517 0.000731781 0.0419034 6.07603e-08 -152.007 0.073176 27079.8 2.60234
674.264 4600.67 0.0610006 1.46296e-06 0.00897721 5.79915e-08 -154.952 0.0602153 22776.4 2.92077
672.602 4600.76 0.0567349 0.00047008 0.113619 4.38894e-09 -155.354 0.0602298 20962 2.75113
671.48 4605.2 0.0516181 0.00701017 0.114814 4.7134e-09 -155.793 0.0544355 21005.4 2.30996
670.659 4611.8 0.0479277 0.00565838 0.0666611 1.24029e-08 -155.024 0.0544232 21600.2 2.33646
667.894 4610.25 0.0535649 0.0028049 0.0402899 4.11337e-08 -156.405 0.0543955 21075.8 2.92863
669.511 4605.78 0.059322 0.00438844 0.0346251 1.64357e-08 -154.425 0.0505889 27809.1 2.66039
666.398 4611.14 0.0537029 0.0034342 0.0352352 4.10778e-08 -154.231 0.0513991 23415 2.15629
667.661 4610.98 0.0533841 0.00227957 0.01569 3.87986e-08 -151.433 0.0540497 23846.5 2.54866
665.444 4620.8 0.04657 0.0125367 0.0198258 1.23095e-08 -152.612 0.0595702 16393.2 2.76403
665.952 4613.96 0.0493997 0.0149527 0.0258167 9.98743e-10 -152.314 0.0543183 22675.9 2.61532
667.17 4616.35 0.0488521 4.77187e-06 0.020148 1.00429e-08 -148.196 0.0610258 19043.4 2.11042
667.403 4615.13 0.0537376 0.00134516 0.0171869 3.39682e-08 -146.891 0.060536 22735 2.65513
669.025 4618.59 0.051863 0.000181017 0.0109237 1.65305e-08 -146.025 0.0627674 21996.8 2.86897
668.994 4619.33 0.0499362 0.000148164 0.0197666 4.38782e-09 -144.975 0.0588173 20558.5 2.9171
670.848 4623.79 0.0467843 2.5575e-07 0.0181078 9.19885e-12 -142.363 0.0670897 19960.1 2.56466
672.687 4625.63 0.0486896 5.58197e-05 0.0139577 4.61297e-09 -135.231 0.140696 17940.6 2.33537
673.446 4628.7 0.0446113 0.000589678 0.0291404 1.64754e-08 -135.025 0.134053 17844.2 2.708
673.695 4627.04 0.0479377 0.00124032 0.0304772 9.6719e-11 -133.757 0.123336 22624.9 2.81426
675.31 4625.58 0.0496975 0.000103464 0.0256084 5.49953e-09 -132.706 0.116724 21658.5 2.55323
672.964 4629.52 0.0469028 0.00146882 0.0170601 5.17062e-08 -129.952 0.111671 22303.4 2.18552
674.021 4624.66 0.0486234 0.00523956 0.00492392 5.83247e-08 -129.445 0.110129 25793.5 2.81502
674.09 4622.69 0.0524098 0.0055339 0.0077332 1.7623e-08 -133.508 0.156782 22151.3 2.86596
675.478 4618.64 0.0502606 0.00595727 0.00406233 1.68712e-08 -133.377 0.166043 24420.8 2.67285
675.155 4617.21 0.0463703 0.00241078 0.00162417 3.29431e-08 -132.049 0.170872 22457.7 2.08232
676.389 4616.41 0.0461592 0.00194061 0.000813272 4.60757e-08 -132.788 0.172373 24424.4 3.01308
675.566 4611.3 0.0456364 0.00277302 0.00155482 1.20224e-07 -138.609 0.153354 20561.7 3.02818
675.629 4609.88 0.0476189 0.00223166 0.000553092 2.48758e-08 -136.89 0.130657 19615.2 2.52233
673.559 4610.84 0.0423284 0.00281293 0.0096448 4.95104e-09 -143.549 0.124507 15073.9 2.10947
674.868 4602.23 0.0510449 0.0031739 0.032325 2.15628e-09 -142.107 0.105867 22690.4 2.5589
674.379 4601.3 0.0496638 0.00102114 0.0189388 1.6292e-08 -147.248 0.111485 21022.3 2.58598
674.842 4605.59 0.0448035 0.00647585 0.0207804 2.10358e-09 -160.985 0.0958394 18201.3 2.22914
672.738 4596.49 0.0417881 0.00423713 0.030063 1.01449e-08 171.054 0.094638 21335.5 2.12995
672.194 4594.83 0.0373068 0.0011014 0.00415459 8.98954e-09 153.829 0.0894124 13052.8 2.50795
672.184 4607.13 0.0312969 0.000439402 0.00427604 8.33028e-09 150.545 0.0872305 12326.7 2.54208
672.156 4608.42 0.0329158 0.000711818 0.000758509 7.23228e-09 148.403 0.0849992 16458 2.15076
672.898 4613.1 0.0320013 0.000101974 0.00533701 2.3503e-10 145.676 0.0813231 14084.8 2.53735
673.739 4616.84 0.0328003 0.00028871 0.00558709 1.66856e-08 144.732 0.0818985 18144.7 2.67146
674.13 4614.81 0.0388021 0.000208221 0.00554535 4.43444e-10 143.201 0.0818815 19817.4 2.47773
672.836 4623.92 0.0390591 0.0014907 0.024917 5.69228e-09 143.484 0.0720772 18492.9 2.06442
673.269 4627.85 0.037177 0.00471642 0.0544858 3.78795e-08 142.859 0.0761553 19223.9 2.69697
672.65 4631.74 0.0348861 0.000356029 0.0208924 1.41509e-08 140.968 0.0697462 18389.6 2.57906
671.337 4633.52 0.032607 0.00209463 0.00531202 5.01626e-09 141.58 0.0703648 18676.6 2.08215
670.932 4639.96 0.0333355 8.13232e-06 0.00143167 1.21331e-09 140.307 0.0594457 17823.4 2.39024
669.774 4644.06 0.0315324 0.000981528 0.00196255 7.80232e-11 138.47 0.0539974 14529.2 2.74047
669.889 4646.77 0.0345022 0.000349816 0.00442666 7.0148e-09 137.99 0.0505813 17541.2 2.35544
668.545 4650.52 0.0314962 5.58827e-05 3.69868e-06 5.08983e-09 137.103 0.0498201 17028.5 2.13385
666.45 4653.02 0.0293922 0.000136738 0.00123991 7.69854e-09 136.668 0.0472686 13165.3 2.78985
667.268 4655.34 0.0308205 4.03819e-05 6.10469e-05 2.84839e-08 137.138 0.0442215 13205 2.85735
666.199 4657.27 0.0338251 0.000478334 0.00522963 1.37265e-09 134.813 0.0479689 16893.8 2.07697
661.222 4657.51 0.0364715 1.12986e-05 0.0146716 4.65928e-09 133.497 0.0473126 14198.5 2.65488
656.055 4657.97 0.0379566 0.000727921 2.76339e-05 5.84282e-09 131.399 0.0441637 13018 2.91678
661.832 4661.63 0.0347356 2.18469e-05 0.00672423 6.85466e-08 129.054 0.0425374 13858 2.72347
661.72 4661.62 0.0392796 0.00363169 0.00808893 5.38814e-09 125.955 0.0405697 15571.6 2.09422
664.588 4662.26 0.0370348 0.00510297 0.0104236 3.67781e-09 127.074 0.0397188 16353.1 2.74855
662.701 4663.67 0.0351231 0.0180288 0.0426275 3.79158e-08 129.505 0.0393938 14260 2.82194
662.86 4665.63 0.0374138 8.38418e-05 0.00330091 1.17591e-11 126.056 0.0408525 14120.3 2.59859
664.905 4664.54 0.0386419 6.35356e-05 0.0107883 4.63955e-09 131.495 0.0366269 15719.3 2.14638
663.783 4664.23 0.0398965 0.000603893 0.00182728 7.67618e-10 137.347 0.0372735 16050.3 2.69373
665.103 4662.7 0.0393832 9.83162e-05 0.000553025 1.49003e-08 133.478 0.0352392 15549.2 2.81017
662.314 4663.93 0.0365191 0.00146913 0.00166688 4.38306e-09 131.772 0.0354521 16994.4 2.00718
659.65 4664.72 0.0373741 5.14439e-06 0.00931209 2.00606e-09 136.695 0.03586 16270.5 2.72403
659.704 4663.58 0.0290069 0.00217956 0.0154463 1.78452e-09 141.368 0.0356693 14620.1 2.83422
652.252 4659.89 0.0144496 0.0121724 0.00762039 8.54971e-09 139.223 0.0374351 11629.1 2.48855
645.669 4657.4 0.0078765 0.0148118 0.000156992 3.22457e-09 141.739 0.0352293 15471.8 2.13968
